 UTC           m   sec  deg     m     sec    mB     m/s  deg Air(C) Sfc(C) m/s deg  f
2012 07 01 00 02  0.63  7.14 139           4.40                           25.8           1
2012 07 01 00 32  0.64  7.14 131           4.27                           25.6           1
2012 07 01 01 02  0.66  6.67 138           4.24                           25.3           1
2012 07 01 01 32  0.65  7.69 131           4.21                           25.1           1
2012 07 01 02 02  0.64  7.14 135           4.69                           25.2           1
2012 07 01 02 32  0.63  6.67 138           4.59                           25.1           1
2012 07 01 03 02  0.59  7.14 135           4.49                           25.0           1
2012 07 01 03 32  0.57  7.14 132           4.56                           24.9           1
2012 07 01 04 02  0.62  7.14 134           3.83                           24.9           1
2012 07 01 04 32  0.68  6.67 141           3.60                           24.8           1
2012 07 01 05 02  0.66  7.14 130           3.78                           24.9           1
2012 07 01 05 32  0.76  7.14 128           3.85                           25.0           1
2012 07 01 06 02  0.79  4.17 325           4.01                           25.0           1
2012 07 01 06 32  0.70  7.14 137           4.13                           24.9           1
2012 07 01 07 02  0.67  7.14 127           4.28                           24.9           1
2012 07 01 07 32  0.60  5.88 134           4.52                           24.9           1
2012 07 01 08 02  0.63  6.25 142           4.41                           24.8           1
2012 07 01 08 32  0.59  6.67 135           4.19                           24.8           1
2012 07 01 09 02  0.61  6.67 139           4.18                           24.8           1
2012 07 01 09 32  0.54  7.14 151           4.52                           24.8           1
2012 07 01 10 02  0.58  7.14 139           4.38                           24.8           1
2012 07 01 10 32  0.62  9.88 107           4.09                           24.8           1
2012 07 01 11 02  0.61  7.14 148           4.17                           24.9           1
2012 07 01 11 32  0.65  7.14 141           3.67                           25.0           1
2012 07 01 12 02  0.59  7.14 147           3.77                           25.0           1
2012 07 01 12 32  0.56  7.14 142           3.94                           25.0           1
2012 07 01 13 02  0.55  9.88 106           4.37                           25.0           1
2012 07 01 13 32  0.49  6.67 145           4.48                           25.0           1
2012 07 01 14 02  0.51  7.14 145           4.48                           25.0           1
2012 07 01 14 32  0.50  7.14 138           4.53                           25.1           1
2012 07 01 15 02  0.51  6.67 147           4.64                           25.2           1
2012 07 01 15 32  0.50  7.14 144           4.75                           25.4           1
2012 07 01 16 02  0.50  7.14 138           4.63                           25.5           1
2012 07 01 16 32  0.55  7.14 132           5.18                           25.8           1
2012 07 01 17 02  0.56  7.14 132           5.28                           26.2           1
2012 07 01 17 32  0.54  6.67 137           5.51                           26.1           1
2012 07 01 18 02  0.53  6.67 132           5.40                           26.0           1
2012 07 01 18 32  0.57  6.67 142           5.24                           26.1           1
2012 07 01 19 02  0.59  6.67 139           5.08                           26.2           1
2012 07 01 19 32  0.59  6.67 138           4.85                           26.1           1
2012 07 01 20 02  0.61  5.88 139           4.67                           26.2           1
2012 07 01 20 32  0.64  6.25 144           4.30                           26.1           1
2012 07 01 21 02  0.69  6.67 141           4.26                           26.0           1
2012 07 01 21 32  0.70  6.25 142           4.31                           25.9           1
2012 07 01 22 02  0.74  5.88 139           3.96                           25.9           1
2012 07 01 22 32  0.86  6.25 138           3.50                           25.8           1
2012 07 01 23 02  0.96  3.23 196           3.50                           25.6           1
2012 07 01 23 32  1.08  3.70 190           3.66                           25.6           1
2012 07 02 00 02  1.09  4.55 158           3.90                           25.6           1
2012 07 02 00 32  0.94  5.88 144           4.07                           25.5           1
2012 07 02 01 02  0.91  5.88 149           4.14                           25.5           1
2012 07 02 01 32  0.98  5.88 148           4.03                           25.5           1
2012 07 02 02 02  1.11  5.88 152           3.90                           25.4           1
2012 07 02 02 32  1.15  5.88 151           4.02                           25.2           1
2012 07 02 03 02  1.07  3.33 244           3.78                           25.0           1
2012 07 02 03 32  1.05  3.33 242           3.65                           25.0           1
2012 07 02 04 02  1.00  3.23 239           3.57                           24.8           1
2012 07 02 04 32  0.94  3.45 239           3.59                           24.6           1
2012 07 02 05 02  0.95  3.23 228           3.62                           24.5           1
2012 07 02 05 32  0.95  3.33 242           3.60                           24.4           1
2012 07 02 06 02  0.86  3.23 238           3.62                           24.3           1
2012 07 02 06 32  0.85  3.23 265           3.48                           24.2           1
2012 07 02 07 02  0.70  3.03 253           3.61                           24.2           1
2012 07 02 07 32  0.66  5.88 149           3.71                           24.2           1
2012 07 02 08 02  0.64  9.88 117           3.66                           24.3           1
2012 07 02 08 32  0.63  9.88 110           3.71                           24.4           1
2012 07 02 09 02  0.64 10.53 124           3.70                           24.4           1
2012 07 02 09 32  0.66  9.88 109           3.75                           24.5           1
2012 07 02 10 02  0.62  2.94 267           3.42                           24.4           1
2012 07 02 10 32  0.64  9.88 113           3.52                           24.5           1
2012 07 02 11 02  0.63 10.53 117           3.60                           24.5           1
2012 07 02 11 32  0.62  9.88 110           3.50                           24.5           1
2012 07 02 12 02  0.61  9.88 117           3.45                           24.6           1
2012 07 02 12 32  0.57  3.33 329           3.37                           24.6           1
2012 07 02 13 02  0.59  9.88 109           3.33                           24.7           1
2012 07 02 13 32  0.57 10.53 110           3.48                           24.7           1
2012 07 02 14 02  0.58  9.88 121           3.19                           24.7           1
2012 07 02 14 32  0.57  9.88 116           3.32                           24.7           1
2012 07 02 15 02  0.55 10.53 107           3.33                           24.7           1
2012 07 02 15 32  0.51  9.88  93           3.43                           24.8           1
2012 07 02 16 02  0.51  9.88 118           3.64                           24.9           1
2012 07 02 16 32  0.59  3.57   9           3.75                           25.0           1
2012 07 02 17 02  0.66  4.00  17           3.82                           25.0           1
2012 07 02 17 32  0.75  4.17  21           4.05                           25.0           1
2012 07 02 18 02  0.73  4.76  19           4.11                           25.4           1
2012 07 02 18 32  0.75  4.55  14           4.12                           25.5           1
2012 07 02 19 02  0.80  4.76  17           4.26                           25.4           1
2012 07 02 19 32  0.80  5.00  14           4.34                           25.4           1
2012 07 02 20 02  0.78  5.00  21           4.27                           25.5           1
2012 07 02 20 32  0.83  5.26  20           4.39                           25.6           1
2012 07 02 21 02  0.76  5.00  19           4.37                           25.7           1
2012 07 02 21 32  0.81  5.26  21           4.58                           25.6           1
2012 07 02 22 02  0.75  5.26  21           4.48                           25.6           1
2012 07 02 22 32  0.77  5.26  21           4.49                           25.6           1
2012 07 02 23 02  0.68  5.26  37           4.45                           25.6           1
2012 07 02 23 32  0.67  4.55  31           4.38                           25.5           1
2012 07 03 00 02  0.68  4.76  27           4.58                           25.5           1
2012 07 03 00 32  0.60  4.76  27           4.46                           25.4           1
2012 07 03 01 02  0.59  4.76  40           4.49                           25.2           1
2012 07 03 01 32  0.55  4.76  35           4.64                           25.1           1
2012 07 03 02 02  0.57  5.00  49           4.72                           25.1           1
2012 07 03 02 32  0.54  9.88 114           4.65                           25.1           1
2012 07 03 03 02  0.52  9.88 110           4.69                           25.1           1
2012 07 03 03 32  0.54  9.88 102           5.02                           25.2           1
2012 07 03 04 02  0.50  9.88 109           4.96                           25.1           1
2012 07 03 04 32  0.49 10.53 109           5.00                           25.1           1
2012 07 03 05 02  0.48  9.88 103           5.09                           25.1           1
2012 07 03 05 32  0.44  9.88  99           5.14                           25.1           1
2012 07 03 06 02  0.48  9.88 104           5.36                           25.1           1
2012 07 03 06 32  0.46  9.88 111           5.44                           25.1           1
2012 07 03 07 02  0.45 10.53  89           5.24                           25.1           1
2012 07 03 07 32  0.42  9.88 103           5.30                           25.1           1
2012 07 03 08 02  0.46 10.53 103           5.43                           25.1           1
2012 07 03 08 32  0.47  9.88 102           5.34                           25.1           1
2012 07 03 09 02  0.44  9.09 104           5.44                           25.1           1
2012 07 03 09 32  0.48  9.88  93           5.82                           25.1           1
2012 07 03 10 02  0.45  9.88 100           5.75                           25.1           1
2012 07 03 10 32  0.41  9.09  96           5.55                           25.1           1
2012 07 03 11 02  0.44  9.88  96           5.89                           25.1           1
2012 07 03 11 32  0.45  9.88 102           6.12                           25.0           1
2012 07 03 12 02  0.43 11.11  97           5.91                           25.0           1
2012 07 03 12 32  0.42 10.53 116           5.70                           25.0           1
2012 07 03 13 02  0.44 11.11 109           6.28                           25.1           1
2012 07 03 13 32  0.43 10.53 104           5.95                           25.2           1
2012 07 03 14 02  0.45  9.88  94           6.65                           25.4           1
2012 07 03 14 32  0.40 10.53 114           6.38                           25.5           1
2012 07 03 15 02  0.42  9.88  92           6.55                           25.5           1
2012 07 03 15 32  0.41  9.88 113           6.51                           25.8           1
2012 07 03 16 02  0.41 10.53 123           6.20                           25.8           1
2012 07 03 16 32  0.38  9.88 116           6.47                           25.9           1
2012 07 03 17 02  0.43  9.88  97           6.51                           26.0           1
2012 07 03 17 32  0.46 10.53 109           6.34                           26.0           1
2012 07 03 18 02  0.43 11.76 116           5.85                           26.1           1
2012 07 03 18 32  0.45 10.53 117           5.42                           26.2           1
2012 07 03 19 02  0.48 10.53 106           4.63                           26.1           1
2012 07 03 19 32  0.51 10.53 110           3.79                           26.1           1
2012 07 03 20 02  0.60 10.53 111           3.77                           26.0           1
2012 07 03 20 32  0.62 10.53 110           3.52                           25.9           1
2012 07 03 21 02  0.64 10.53 104           3.57                           25.9           1
2012 07 03 21 32  0.71 10.53 113           3.58                           25.9           1
2012 07 03 22 02  0.67  3.33 162           3.54                           25.8           1
2012 07 03 22 32  0.73 10.53 118           3.67                           25.8           1
2012 07 03 23 02  0.69  3.33 163           3.68                           25.8           1
2012 07 03 23 32  0.65 10.53 109           3.83                           25.8           1
2012 07 04 00 02  0.58 10.53 121           3.66                           25.7           1
2012 07 04 00 32  0.57 11.11 121           3.83                           25.6           1
2012 07 04 01 02  0.58 10.53 120           3.76                           25.5           1
2012 07 04 01 32  0.60 11.11 104           3.99                           25.5           1
2012 07 04 02 02  0.61 11.11  96           4.19                           25.5           1
2012 07 04 02 32  0.62  9.88 104           4.09                           25.5           1
2012 07 04 03 02  0.61  9.88 113           4.05                           25.5           1
2012 07 04 03 32  0.60 11.11 107           3.83                           25.4           1
2012 07 04 04 02  0.62  9.88 103           3.99                           25.4           1
2012 07 04 04 32  0.60 10.53 109           3.84                           25.4           1
2012 07 04 05 02  0.63  9.88 113           3.93                           25.4           1
2012 07 04 05 32  0.61 10.53  97           4.04                           25.3           1
2012 07 04 06 02  0.60  9.88  99           3.91                           25.3           1
2012 07 04 06 32  0.61 11.11 106           3.68                           25.3           1
2012 07 04 07 02  0.65  9.88  94           3.71                           25.3           1
2012 07 04 07 32  0.67 11.11 106           3.63                           25.3           1
2012 07 04 08 02  0.64 10.53 111           3.61                           25.4           1
2012 07 04 08 32  0.66  9.88 104           3.68                           25.3           1
2012 07 04 09 02  0.72  9.88 104           3.57                           25.4           1
2012 07 04 09 32  0.67  2.86 213           3.39                           25.3           1
2012 07 04 10 02  0.69 10.53 114           3.57                           25.3           1
2012 07 04 10 32  0.70  3.12 194           3.51                           25.3           1
2012 07 04 11 02  0.66 10.53 114           3.58                           25.3           1
2012 07 04 11 32  0.63 11.11 121           3.35                           25.3           1
2012 07 04 12 02  0.68 11.11 111           3.46                           25.4           1
2012 07 04 12 32  0.67  9.88 104           3.47                           25.4           1
2012 07 04 13 02  0.65  3.03 210           3.45                           25.4           1
2012 07 04 13 32  0.62 11.11 107           3.64                           25.4           1
2012 07 04 14 02  0.57 10.53 107           3.88                           25.4           1
2012 07 04 14 32  0.52 11.76  99           4.00                           25.5           1
2012 07 04 15 02  0.50 11.11 117           4.16                           25.6           1
2012 07 04 15 32  0.51 11.11 111           4.38                           25.8           1
2012 07 04 16 02  0.47 11.11 125           4.38                           26.0           1
2012 07 04 16 32  0.50 10.53 114           4.79                           26.1           1
2012 07 04 17 02  0.49 11.11 111           4.95                           26.4           1
2012 07 04 17 32  0.52  9.88 109           5.14                           26.6           1
2012 07 04 18 02  0.49 10.53 106           5.37                           26.8           1
2012 07 04 18 32  0.48 10.53 107           5.21                           26.8           1
2012 07 04 19 02  0.49  9.88 111           5.48                           27.2           1
2012 07 04 19 32  0.45  9.88 116           5.19                           27.2           1
2012 07 04 20 02  0.47 10.53 109           5.21                           27.2           1
2012 07 04 20 32  0.45  5.26 145           5.14                           27.2           1
2012 07 04 21 02  0.45 11.11 109           5.50                           27.5           1
2012 07 04 21 32  0.44 11.11 106           5.39                           27.5           1
2012 07 04 22 02  0.46  9.88 110           5.79                           27.2           1
2012 07 04 22 32  0.44  9.88  97           5.40                           27.2           1
2012 07 04 23 02  0.46 11.11 100           5.62                           27.2           1
2012 07 04 23 32  0.47 10.53 113           5.33                           27.0           1
2012 07 05 00 02  0.50 11.11 103           5.57                           27.0           1
2012 07 05 00 32  0.49  9.88 128           5.56                           27.0           1
2012 07 05 01 02  0.49 11.11 110           5.30                           27.0           1
2012 07 05 01 32  0.48  9.88 114           5.29                           26.9           1
2012 07 05 02 02  0.50 10.53 113           5.27                           26.8           1
2012 07 05 02 32  0.52  9.88 114           5.11                           26.7           1
2012 07 05 03 02  0.52 11.11 106           4.89                           26.6           1
2012 07 05 03 32  0.52  5.26 152           4.85                           26.6           1
2012 07 05 04 02  0.51  5.00 149           4.79                           26.6           1
2012 07 05 04 32  0.51  9.88 120           4.77                           26.5           1
2012 07 05 05 02  0.53  9.88 107           4.22                           26.5           1
2012 07 05 05 32  0.53 10.53 110           4.32                           26.4           1
2012 07 05 06 02  0.51 11.11  97           3.81                           26.3           1
2012 07 05 06 32  0.55 10.53 106           3.70                           26.2           1
2012 07 05 07 02  0.54 11.11 104           3.96                           26.1           1
2012 07 05 07 32  0.54 10.53 117           4.02                           26.1           1
2012 07 05 08 02  0.59  9.88 116           3.56                           26.0           1
2012 07 05 08 32  0.56 10.53  89           3.42                           26.0           1
2012 07 05 09 02  0.57 10.53 111           3.54                           25.9           1
2012 07 05 09 32  0.59 10.53 120           3.54                           25.9           1
2012 07 05 10 02  0.58  2.70 231           3.43                           25.8           1
2012 07 05 10 32  0.58 10.53 111           3.68                           25.8           1
2012 07 05 11 02  0.57 10.53 106           3.75                           25.8           1
2012 07 05 11 32  0.55 10.53 121           3.89                           25.8           1
2012 07 05 12 02  0.53 10.53 123           4.10                           25.7           1
2012 07 05 12 32  0.51  7.69 130           4.08                           25.8           1
2012 07 05 13 02  0.54 10.53 114           4.21                           25.8           1
2012 07 05 13 32  0.53  9.88 102           4.11                           25.9           1
2012 07 05 14 02  0.57 10.53 121           4.08                           25.9           1
2012 07 05 14 32  0.54 10.53 118           3.92                           26.0           1
2012 07 05 15 02  0.58  9.88 124           4.09                           26.0           1
2012 07 05 15 32  0.57 11.11 111           3.90                           26.0           1
2012 07 05 16 02  0.56 11.11 106           3.68                           26.0           1
2012 07 05 16 32  0.65 10.53 111           3.75                           26.0           1
2012 07 05 17 02  0.63 10.53 118           3.83                           26.1           1
2012 07 05 17 32  0.60  9.88 130           4.14                           26.2           1
2012 07 05 18 02  0.55 10.53 125           4.54                           26.5           1
2012 07 05 18 32  0.53  9.88 124           4.40                           26.5           1
2012 07 05 19 02  0.53 10.53 109           4.97                           26.7           1
2012 07 05 19 32  0.50  9.88 128           4.85                           26.7           1
2012 07 05 20 02  0.49 10.53  96           4.81                           26.8           1
2012 07 05 20 32  0.51  9.88 110           4.93                           26.9           1
2012 07 05 21 02  0.51  9.88 111           5.00                           26.9           1
2012 07 05 21 32  0.52  9.88 118           5.20                           27.2           1
2012 07 05 22 02  0.56  9.88 114           4.96                           27.2           1
2012 07 05 22 32  0.52  9.88 116           4.61                           27.1           1
2012 07 05 23 02  0.55  8.33 127           4.50                           27.0           1
2012 07 05 23 32  0.60  9.09 127           4.37                           27.0           1
2012 07 06 00 02  0.63  9.09 128           4.35                           27.0           1
2012 07 06 00 32  0.61  8.33 134           4.24                           27.0           1
2012 07 06 01 02  0.61  8.33 131           4.18                           27.0           1
2012 07 06 01 32  0.62  9.88 124           4.11                           26.9           1
2012 07 06 02 02  0.60  9.88 120           3.91                           27.0           1
2012 07 06 02 32  0.60  8.33 131           3.89                           26.8           1
2012 07 06 03 02  0.59  8.33 137           3.79                           26.8           1
2012 07 06 03 32  0.57 10.53 110           4.12                           26.8           1
2012 07 06 04 02  0.55  8.33 130           4.17                           26.9           1
2012 07 06 04 32  0.52  7.69 134           4.01                           26.9           1
2012 07 06 05 02  0.53  9.88 124           4.09                           26.9           1
2012 07 06 05 32  0.50 10.53 111           4.10                           26.9           1
2012 07 06 06 02  0.48 10.53 114           4.31                           26.9           1
2012 07 06 06 32  0.49  9.88 124           4.79                           26.9           1
2012 07 06 07 02  0.49  8.33 132           5.07                           26.9           1
2012 07 06 07 32  0.45 10.53 117           5.10                           26.9           1
2012 07 06 08 02  0.47  9.09 127           5.43                           26.9           1
2012 07 06 08 32  0.49  9.09 131           5.57                           26.8           1
2012 07 06 09 02  0.48  7.69 138           5.61                           26.8           1
2012 07 06 09 32  0.55  8.33 137           5.61                           26.8           1
2012 07 06 10 02  0.50  8.33 131           5.12                           26.7           1
2012 07 06 10 32  0.50  7.69 137           4.74                           26.6           1
2012 07 06 11 02  0.54  8.33 137           4.46                           26.6           1
2012 07 06 11 32  0.61 10.53  97           4.36                           26.5           1
2012 07 06 12 02  0.60  9.88 117           4.31                           26.5           1
2012 07 06 12 32  0.58  9.88 120           4.34                           26.5           1
2012 07 06 13 02  0.60  8.33 137           4.34                           26.5           1
2012 07 06 13 32  0.59  8.33 132           4.44                           26.5           1
2012 07 06 14 02  0.60  9.88 111           4.62                           26.5           1
2012 07 06 14 32  0.60  9.88 127           4.92                           26.6           1
2012 07 06 15 02  0.58  8.33 125           5.10                           27.0           1
2012 07 06 15 32  0.59  9.88 117           5.30                           27.2           1
2012 07 06 16 02  0.54  9.09 138           5.27                           27.5           1
2012 07 06 16 32  0.57  9.88 113           5.38                           27.7           1
2012 07 06 17 02  0.53  9.09 130           5.37                           27.9           1
2012 07 06 17 32  0.54  9.88 109           5.25                           28.0           1
2012 07 06 18 02  0.54  9.88 111           5.32                           28.3           1
2012 07 06 18 32  0.52  9.09 125           5.39                           28.3           1
2012 07 06 19 02  0.53  9.88 118           5.28                           29.2           1
2012 07 06 19 32  0.52  8.33 132           5.36                           29.3           1
2012 07 06 20 02  0.50  7.14 142           5.20                           29.7           1
2012 07 06 20 32  0.54  8.33 130           5.27                           28.5           1
2012 07 06 21 02  0.52  9.09 125           4.98                           28.7           1
2012 07 06 21 32  0.55  9.09 123           5.20                           28.3           1
2012 07 06 22 02  0.54  8.33 121           5.38                           28.4           1
2012 07 06 22 32  0.51  8.33 120           5.25                           28.5           1
2012 07 06 23 02  0.52  8.33 127           4.94                           28.3           1
2012 07 06 23 32  0.54  8.33 123           4.91                           28.2           1
2012 07 07 00 02  0.53  9.09 121           4.73                           28.0           1
2012 07 07 00 32  0.51  9.09 118           4.64                           27.8           1
2012 07 07 01 02  0.52  9.09 118           4.67                           27.8           1
2012 07 07 01 32  0.54  8.33 132           4.74                           27.6           1
2012 07 07 02 02  0.54  8.33 127           4.90                           27.5           1
2012 07 07 02 32  0.53  8.33 135           4.95                           27.5           1
2012 07 07 03 02  0.54  8.33 139           5.27                           27.5           1
2012 07 07 03 32  0.50  8.33 130           5.11                           27.3           1
2012 07 07 04 02  0.52  8.33 139           5.42                           27.3           1
2012 07 07 04 32  0.49  8.33 125           5.56                           27.3           1
2012 07 07 05 02  0.49  8.33 135           5.80                           27.3           1
2012 07 07 05 32  0.48  8.33 132           5.84                           27.3           1
2012 07 07 06 02  0.51  8.33 132           6.23                           27.2           1
2012 07 07 06 32  0.50  7.69 132           6.04                           27.2           1
2012 07 07 07 02  0.53  7.69 139           6.26                           27.2           1
2012 07 07 07 32  0.48  9.09 123           6.08                           27.2           1
2012 07 07 08 02  0.50  8.33 134           6.27                           27.2           1
2012 07 07 08 32  0.48  8.33 137           5.85                           27.2           1
2012 07 07 09 02  0.52  9.09 114           6.05                           27.4           1
2012 07 07 09 32  0.51  8.33 120           6.09                           27.3           1
2012 07 07 10 02  0.51  9.09 110           6.01                           27.2           1
2012 07 07 10 32  0.51  7.69 135           6.08                           27.2           1
2012 07 07 11 02  0.56  8.33 123           6.13                           27.2           1
2012 07 07 11 32  0.55  9.88 100           6.01                           27.2           1
2012 07 07 12 02  0.55  8.33 127           5.88                           27.2           1
2012 07 07 12 32  0.54  7.69 131           5.55                           27.2           1
2012 07 07 13 02  0.52  6.67 139           5.20                           27.3           1
2012 07 07 13 32  0.59  9.09 124           5.04                           27.4           1
2012 07 07 14 02  0.58  7.69 131           4.80                           27.5           1
2012 07 07 14 32  0.58  8.33 125           4.61                           27.6           1
2012 07 07 15 02  0.56  9.09 120           4.77                           27.7           1
2012 07 07 15 32  0.56  8.33 125           4.78                           27.8           1
2012 07 07 16 02  0.57  8.33 127           4.80                           27.9           1
2012 07 07 16 32  0.56  9.09 117           4.81                           28.1           1
2012 07 07 17 02  0.55  9.88 116           4.99                           28.2           1
2012 07 07 17 32  0.57  9.09 121           4.83                           28.2           1
2012 07 07 18 02  0.54  9.09 120           5.01                           28.4           1
2012 07 07 18 32  0.54  9.09 128           4.94                           28.5           1
2012 07 07 19 02  0.56  9.09 124           5.00                           28.5           1
2012 07 07 19 32  0.56  9.09 120           4.98                           28.7           1
2012 07 07 20 02  0.55  9.09 117           5.06                           28.7           1
2012 07 07 20 32  0.54  9.09 121           5.02                           28.8           1
2012 07 07 21 02  0.52  9.88 111           5.22                           28.8           1
2012 07 07 21 32  0.54  8.33 124           5.17                           28.8           1
2012 07 07 22 02  0.56  8.33 118           5.15                           28.7           1
2012 07 07 22 32  0.52  9.09 124           4.57                           28.7           1
2012 07 07 23 02  0.58  9.09 124           4.68                           28.7           1
2012 07 07 23 32  0.56  8.33 120           4.49                           28.5           1
2012 07 08 00 02  0.55  9.09 120           4.57                           28.5           1
2012 07 08 00 32  0.58  7.69 128           4.76                           28.5           1
2012 07 08 01 02  0.57  9.09 124           4.43                           28.5           1
2012 07 08 01 32  0.56  8.33 138           4.52                           28.3           1
2012 07 08 02 02  0.55  8.33 130           4.50                           28.5           1
2012 07 08 02 32  0.56  9.09 127           4.77                           28.5           1
2012 07 08 03 02  0.53  9.09 130           4.37                           28.5           1
2012 07 08 03 32  0.59  9.88 117           3.86                           28.3           1
2012 07 08 04 02  0.62  8.33 128           3.76                           28.1           1
2012 07 08 04 32  0.65  9.09 127           3.72                           27.9           1
2012 07 08 05 02  0.75  9.09 130           3.44                           28.0           1
2012 07 08 05 32  0.77  3.12 206           3.39                           27.8           1
2012 07 08 06 02  0.81  9.88 116           3.52                           27.5           1
2012 07 08 06 32  0.80  3.12 225           3.47                           27.3           1
2012 07 08 07 02  0.81  3.12 224           3.49                           27.0           1
2012 07 08 07 32  0.80  3.12 211           3.62                           27.0           1
2012 07 08 08 02  0.78  2.94 217           3.63                           27.0           1
2012 07 08 08 32  0.79  9.09 131           3.68                           27.0           1
2012 07 08 09 02  0.79  3.12 215           3.69                           26.9           1
2012 07 08 09 32  0.83  3.12 220           3.53                           26.8           1
2012 07 08 10 02  0.86  3.23 241           3.66                           26.6           1
2012 07 08 10 32  0.88  3.33 242           3.71                           26.7           1
2012 07 08 11 02  0.85  3.23 235           3.70                           26.6           1
2012 07 08 11 32  0.84  3.33 227           3.70                           26.7           1
2012 07 08 12 02  0.85  3.03 239           3.78                           26.7           1
2012 07 08 12 32  0.84  3.23 241           3.86                           26.7           1
2012 07 08 13 02  0.85  3.12 234           3.83                           26.8           1
2012 07 08 13 32  0.83  3.12 241           3.83                           26.9           1
2012 07 08 14 02  0.79  8.33 130           3.95                           26.9           1
2012 07 08 14 32  0.75  9.09 134           4.02                           27.0           1
2012 07 08 15 02  0.73  9.09 130           4.01                           27.1           1
2012 07 08 15 32  0.71  9.09 131           4.29                           27.2           1
2012 07 08 16 02  0.75  9.09 125           4.27                           27.5           1
2012 07 08 16 32  0.70  9.09 128           4.24                           27.5           1
2012 07 08 17 02  0.70  9.09 135           4.28                           27.7           1
2012 07 08 17 32  0.69  8.33 139           4.34                           27.8           1
2012 07 08 18 02  0.68  9.09 132           4.61                           28.1           1
2012 07 08 18 32  0.65  9.09 134           4.70                           28.2           1
2012 07 08 19 02  0.67  9.09 134           4.60                           28.3           1
2012 07 08 19 32  0.63  8.33 131           4.70                           28.5           1
2012 07 08 20 02  0.68  9.09 137           4.74                           28.5           1
2012 07 08 20 32  0.67  9.09 128           4.65                           28.5           1
2012 07 08 21 02  0.71  8.33 127           4.54                           28.8           1
2012 07 08 21 32  0.71  4.35 149           4.35                           28.7           1
2012 07 08 22 02  0.70  8.33 134           4.42                           28.7           1
2012 07 08 22 32  0.73  9.09 125           4.29                           28.7           1
2012 07 08 23 02  0.75  4.17 154           4.16                           28.6           1
2012 07 08 23 32  0.72  9.09 127           4.18                           28.6           1
2012 07 09 00 02  0.74  9.09 123           4.22                           28.6           1
2012 07 09 00 32  0.77  9.09 120           4.12                           28.6           1
2012 07 09 01 02  0.73  8.33 130           4.07                           28.6           1
2012 07 09 01 32  0.71  8.33 128           4.03                           28.5           1
2012 07 09 02 02  0.68  4.00 155           3.93                           28.5           1
2012 07 09 02 32  0.71  7.69 134           3.80                           28.5           1
2012 07 09 03 02  0.69  7.69 137           3.75                           28.5           1
2012 07 09 03 32  0.71  9.09 127           3.71                           28.5           1
2012 07 09 04 02  0.74  8.33 128           3.80                           28.4           1
2012 07 09 04 32  0.76  7.69 147           3.54                           28.3           1
2012 07 09 05 02  0.80  7.69 139           3.59                           28.2           1
2012 07 09 05 32  0.84  2.86 221           3.51                           28.0           1
2012 07 09 06 02  0.83  8.33 141           3.61                           28.0           1
2012 07 09 06 32  0.83  8.33 132           3.73                           28.0           1
2012 07 09 07 02  0.81  8.33 134           3.73                           28.0           1
2012 07 09 07 32  0.79  7.69 139           3.89                           28.0           1
2012 07 09 08 02  0.70  8.33 135           4.01                           27.8           1
2012 07 09 08 32  0.72  7.14 138           4.11                           27.8           1
2012 07 09 09 02  0.74  7.69 144           4.33                           27.8           1
2012 07 09 09 32  0.74  6.25 148           4.41                           27.7           1
2012 07 09 10 02  0.73  7.69 137           4.50                           27.7           1
2012 07 09 10 32  0.76  6.25 152           4.51                           27.7           1
2012 07 09 11 02  0.79  7.69 137           4.38                           27.7           1
2012 07 09 11 32  0.79  7.14 144           4.14                           27.7           1
2012 07 09 12 02  0.85  7.69 144           4.39                           27.7           1
2012 07 09 12 32  0.79  7.69 142           4.35                           27.6           1
2012 07 09 13 02  0.82  7.14 142           4.53                           27.6           1
2012 07 09 13 32  0.83  7.14 147           4.63                           27.5           1
2012 07 09 14 02  0.85  7.14 148           4.81                           27.6           1
2012 07 09 14 32  0.85  6.67 145           5.03                           27.7           1
2012 07 09 15 02  0.81  7.14 145           5.12                           27.8           1
2012 07 09 15 32  0.85  6.67 148           5.33                           28.0           1
2012 07 09 16 02  0.79  7.69 141           5.22                           28.0           1
2012 07 09 16 32  0.86  7.69 137           4.35                           28.0           1
2012 07 09 17 02  0.93  7.14 141           4.06                           28.0           1
2012 07 09 17 32  0.97  7.14 145           3.88                           27.9           1
2012 07 09 18 02  0.97  4.00  45           3.86                           27.8           1
2012 07 09 18 32  1.03  4.35  49           4.08                           27.8           1
2012 07 09 19 02  1.01  4.17  51           4.14                           27.8           1
2012 07 09 19 32  1.00  4.76  55           4.28                           27.9           1
2012 07 09 20 02  1.01  4.55  55           4.52                           28.0           1
2012 07 09 20 32  0.98  5.56 106           4.64                           28.0           1
2012 07 09 21 02  0.91  5.00  54           4.63                           28.1           1
2012 07 09 21 32  0.92  5.00  51           4.45                           28.0           1
2012 07 09 22 02  0.97  5.00  54           4.39                           27.9           1
2012 07 09 22 32  1.02  5.00  45           4.23                           27.8           1
2012 07 09 23 02  1.01  5.00  45           4.22                           27.8           1
2012 07 09 23 32  1.03  5.00  51           4.33                           27.8           1
2012 07 10 00 02  0.96  5.26  45           4.38                           27.7           1
2012 07 10 00 32  0.96  5.00  54           4.28                           27.7           1
2012 07 10 01 02  0.95  5.00  64           4.45                           27.7           1
2012 07 10 01 32  0.85  4.76  61           4.42                           27.7           1
2012 07 10 02 02  0.80  5.00  75           4.43                           27.7           1
2012 07 10 02 32  0.82  5.00  75           4.55                           27.6           1
2012 07 10 03 02  0.86  4.55  83           4.55                           27.6           1
2012 07 10 03 32  0.78  4.55  71           4.43                           27.6           1
2012 07 10 04 02  0.73  5.00  83           4.35                           27.6           1
2012 07 10 04 32  0.74  7.69 132           4.42                           27.5           1
2012 07 10 05 02  0.80  4.55  69           4.55                           27.6           1
2012 07 10 05 32  0.77  9.09 120           4.41                           27.6           1
2012 07 10 06 02  0.74  8.33 123           4.30                           27.6           1
2012 07 10 06 32  0.76  6.67 137           4.21                           27.6           1
2012 07 10 07 02  0.75  7.14 130           4.21                           27.6           1
2012 07 10 07 32  0.73  8.33 123           4.34                           27.6           1
2012 07 10 08 02  0.72  7.14 130           4.26                           27.6           1
2012 07 10 08 32  0.74  7.14 130           4.30                           27.6           1
2012 07 10 09 02  0.72  7.69 131           4.40                           27.6           1
2012 07 10 09 32  0.75  7.69 128           4.57                           27.6           1
2012 07 10 10 02  0.75  5.88 117           4.56                           27.6           1
2012 07 10 10 32  0.74  5.88 123           4.70                           27.5           1
2012 07 10 11 02  0.74  5.88 120           4.84                           27.5           1
2012 07 10 11 32  0.73  6.25 130           4.84                           27.6           1
2012 07 10 12 02  0.75  5.88 137           4.81                           27.5           1
2012 07 10 12 32  0.74  7.14 139           4.95                           27.5           1
2012 07 10 13 02  0.75  5.56 144           4.87                           27.5           1
2012 07 10 13 32  0.77  5.88 135           4.78                           27.5           1
2012 07 10 14 02  0.86  5.88 138           4.77                           27.5           1
2012 07 10 14 32  0.82  6.25 142           4.63                           27.7           1
2012 07 10 15 02  0.85  5.88 139           4.73                           27.7           1
2012 07 10 15 32  0.85  6.67 131           4.82                           27.7           1
2012 07 10 16 02  0.79  5.00 134           4.69                           27.8           1
2012 07 10 16 32  0.79  5.88 138           4.90                           28.0           1
2012 07 10 17 02  0.85  5.88 132           4.25                           28.2           1
2012 07 10 17 32  0.92  6.25 123           4.01                           27.7           1
2012 07 10 18 02  0.98  5.88 109           4.12                           27.7           1
2012 07 10 18 32  1.00  5.00  42           4.29                           27.7           1
2012 07 10 19 02  1.13  5.56  58           4.50                           27.7           1
2012 07 10 19 32  1.09  5.56  57           4.41                           27.7           1
2012 07 10 20 02  1.08  5.00  40           4.46                           27.7           1
2012 07 10 20 32  0.99  5.00  58           4.43                           27.7           1
2012 07 10 21 02  0.95  5.56  99           4.49                           27.7           1
2012 07 10 21 32  0.90  5.26  71           4.46                           27.7           1
2012 07 10 22 02  0.87  5.88 123           4.51                           27.7           1
2012 07 10 22 32  0.85  5.56 113           4.53                           27.7           1
2012 07 10 23 02  0.81  5.88 111           4.62                           27.7           1
2012 07 10 23 32  0.82  4.76  94           4.63                           27.5           1
2012 07 11 00 02  0.84  5.56  94           4.70                           27.5           1
2012 07 11 00 32  0.86  7.14  80           4.95                           27.5           1
2012 07 11 01 02  0.81  7.14  65           4.81                           27.5           1
2012 07 11 01 32  0.88  7.14  82           5.05                           27.5           1
2012 07 11 02 02  0.82  7.69  65           4.98                           27.5           1
2012 07 11 02 32  0.83  7.14  78           4.97                           27.3           1
2012 07 11 03 02  0.82  7.14  86           4.90                           27.2           1
2012 07 11 03 32  0.86  6.67  96           5.14                           27.2           1
2012 07 11 04 02  0.82  5.56  72           4.76                           27.2           1
2012 07 11 04 32  0.86  7.69  87           4.54                           27.0           1
2012 07 11 05 02  0.87  6.67  89           4.36                           27.2           1
2012 07 11 05 32  0.87  7.69  83           4.58                           27.3           1
2012 07 11 06 02  0.82  7.14  89           4.43                           27.3           1
2012 07 11 06 32  0.86  8.33  85           4.63                           27.5           1
2012 07 11 07 02  0.81  8.33  80           4.51                           27.5           1
2012 07 11 07 32  0.87  8.33  82           4.74                           27.5           1
2012 07 11 08 02  0.92  8.33  71           4.86                           27.3           1
2012 07 11 08 32  0.95  6.67 125           5.03                           27.3           1
2012 07 11 09 02  0.95  5.88 138           5.16                           27.3           1
2012 07 11 09 32  0.92  5.88 137           5.08                           27.2           1
2012 07 11 10 02  0.94  5.88 141           5.14                           27.2           1
2012 07 11 10 32  0.98  6.25 144           5.19                           27.2           1
2012 07 11 11 02  0.94  6.25 135           4.99                           27.2           1
2012 07 11 11 32  0.93  6.25 127           4.81                           27.2           1
2012 07 11 12 02  0.88  6.25 134           4.69                           27.2           1
2012 07 11 12 32  0.96  5.88 130           4.46                           27.2           1
2012 07 11 13 02  1.06  5.88 118           3.91                           27.1           1
2012 07 11 13 32  1.22  4.35  52           3.87                           27.0           1
2012 07 11 14 02  1.38  4.35  52           3.96                           27.0           1
2012 07 11 14 32  1.49  4.76  49           4.18                           27.0           1
2012 07 11 15 02  1.59  5.26  52           4.25                           26.9           1
2012 07 11 15 32  1.52  5.56  52           4.40                           26.8           1
2012 07 11 16 02  1.41  5.56  47           4.19                           26.8           1
2012 07 11 16 32  1.38  5.26  55           4.31                           26.6           1
2012 07 11 17 02  1.34  5.00  57           4.38                           26.5           1
2012 07 11 17 32  1.29  5.26  52           4.53                           26.5           1
2012 07 11 18 02  1.32  5.56  51           4.60                           26.5           1
2012 07 11 18 32  1.29  5.56  47           4.83                           26.5           1
2012 07 11 19 02  1.24  5.56  49           4.80                           26.5           1
2012 07 11 19 32  1.20  5.56  48           4.74                           26.5           1
2012 07 11 20 02  1.24  5.56  58           4.92                           26.5           1
2012 07 11 20 32  1.26  6.25  48           4.98                           26.5           1
2012 07 11 21 02  1.34  9.09  58           5.10                           26.5           1
2012 07 11 21 32  1.32  9.09  62           4.95                           26.5           1
2012 07 11 22 02  1.30  9.09  52           5.08                           26.6           1
2012 07 11 22 32  1.40  8.33  62           5.21                           26.6           1
2012 07 11 23 02  1.35  9.09  61           5.05                           26.6           1
2012 07 11 23 32  1.33  9.09  62           4.97                           26.5           1
2012 07 12 00 02  1.43  9.09  55           5.00                           26.5           1
2012 07 12 00 32  1.62  9.09  58           5.40                           26.5           1
2012 07 12 01 02  1.52  9.09  59           5.37                           26.5           1
2012 07 12 01 32  1.77  9.88  54           5.67                           26.4           1
2012 07 12 02 02  1.63  9.88  48           5.46                           26.4           1
2012 07 12 02 32  1.60  8.33  65           5.39                           26.3           1
2012 07 12 03 02  1.60  9.09  61           5.45                           26.3           1
2012 07 12 03 32  1.62  9.09  58           5.65                           26.2           1
2012 07 12 04 02  1.61  9.88  48           5.84                           26.2           1
2012 07 12 04 32  1.52 10.53  47           5.79                           26.1           1
2012 07 12 05 02  1.44 11.11  51           5.61                           26.1           1
2012 07 12 05 32  1.47  9.88  51           5.77                           26.1           1
2012 07 12 06 02  1.50 10.53  54           5.90                           26.0           1
2012 07 12 06 32  1.37 10.53  54           5.68                           26.0           1
2012 07 12 07 02  1.35 10.53  55           5.49                           25.9           1
2012 07 12 07 32  1.37  9.09  59           5.38                           25.9           1
2012 07 12 08 02  1.28  7.14  69           5.13                           25.8           1
2012 07 12 08 32  1.41  9.88  58           5.45                           25.8           1
2012 07 12 09 02  1.42 10.53  48           5.60                           25.7           1
2012 07 12 09 32  1.28 10.53  52           5.15                           25.7           1
2012 07 12 10 02  1.29 10.53  51           5.13                           25.6           1
2012 07 12 10 32  1.30  9.88  58           5.23                           25.6           1
2012 07 12 11 02  1.33 10.53  51           5.43                           25.6           1
2012 07 12 11 32  1.27 10.53  47           5.13                           25.6           1
2012 07 12 12 02  1.26 10.53  62           4.98                           25.6           1
2012 07 12 12 32  1.30  9.09  64           5.19                           25.6           1
2012 07 12 13 02  1.46  9.88  61           5.35                           25.6           1
2012 07 12 13 32  1.40 11.11  72           5.30                           25.6           1
2012 07 12 14 02  1.40  9.88  64           5.16                           25.6           1
2012 07 12 14 32  1.39  9.88  66           5.14                           25.6           1
2012 07 12 15 02  1.36 10.53  64           5.33                           25.7           1
2012 07 12 15 32  1.29 11.11  73           5.34                           25.6           1
2012 07 12 16 02  1.29 10.53  71           5.20                           25.7           1
2012 07 12 16 32  1.33  9.88  52           5.07                           25.8           1
2012 07 12 17 02  1.32  9.88  64           5.16                           25.8           1
2012 07 12 17 32  1.33 10.53  65           5.36                           25.9           1
2012 07 12 18 02  1.23 10.53  61           5.01                           25.9           1
2012 07 12 18 32  1.27 10.53  62           5.26                           25.9           1
2012 07 12 19 02  1.29 10.53  55           5.45                           25.9           1
2012 07 12 19 32  1.28 10.53  55           5.15                           25.9           1
2012 07 12 20 02  1.27  8.33  69           5.22                           25.9           1
2012 07 12 20 32  1.27  9.09  72           5.39                           25.9           1
2012 07 12 21 02  1.23  9.09  71           5.44                           25.9           1
2012 07 12 21 32  1.31  9.88  52           5.62                           25.8           1
2012 07 12 22 02  1.24  9.09  72           5.10                           25.8           1
2012 07 12 22 32  1.25  9.88  49           5.17                           25.9           1
2012 07 12 23 02  1.35  9.88  55           5.26                           25.8           1
2012 07 12 23 32  1.38  9.88  59           5.38                           25.8           1
2012 07 13 00 02  1.41  9.88  59           5.37                           25.8           1
2012 07 13 00 32  1.33  9.09  71           5.39                           25.8           1
2012 07 13 01 02  1.30  9.09  66           5.41                           25.8           1
2012 07 13 01 32  1.27  9.09  65           5.35                           25.8           1
2012 07 13 02 02  1.24  7.14  69           5.35                           25.7           1
2012 07 13 02 32  1.23  8.33  68           5.09                           25.7           1
2012 07 13 03 02  1.15  9.09  57           5.09                           25.7           1
2012 07 13 03 32  1.18  9.09  66           5.21                           25.7           1
2012 07 13 04 02  1.13  8.33  76           5.12                           25.6           1
2012 07 13 04 32  1.09  9.09  62           5.20                           25.6           1
2012 07 13 05 02  1.12  8.33  71           5.33                           25.6           1
2012 07 13 05 32  1.10  6.67  73           5.32                           25.6           1
2012 07 13 06 02  1.01  7.14  83           5.09                           25.6           1
2012 07 13 06 32  1.01  8.33  64           5.19                           25.6           1
2012 07 13 07 02  0.95  9.09  69           5.05                           25.6           1
2012 07 13 07 32  0.95  9.09  64           5.07                           25.6           1
2012 07 13 08 02  0.93  7.14  79           5.15                           25.6           1
2012 07 13 08 32  0.86  7.14  86           5.10                           25.5           1
2012 07 13 09 02  0.86  8.33  64           5.24                           25.5           1
2012 07 13 09 32  0.89  7.69  66           5.18                           25.5           1
2012 07 13 10 02  0.82  7.69  82           5.14                           25.5           1
2012 07 13 10 32  0.81  7.69  76           5.14                           25.5           1
2012 07 13 11 02  0.82  7.14  94           5.34                           25.5           1
2012 07 13 11 32  0.79  7.69  82           5.29                           25.5           1
2012 07 13 12 02  0.78  8.33  66           5.20                           25.5           1
2012 07 13 12 32  0.80  7.69  78           5.25                           25.5           1
2012 07 13 13 02  0.85  7.69  86           5.29                           25.5           1
2012 07 13 13 32  0.79  7.69  66           5.01                           25.6           1
2012 07 13 14 02  0.80  7.69  76           5.01                           25.6           1
2012 07 13 14 32  0.77  7.69  83           4.70                           25.6           1
2012 07 13 15 02  0.77  7.14  76           4.86                           25.7           1
2012 07 13 15 32  0.75  7.69  79           4.74                           25.7           1
2012 07 13 16 02  0.78  7.14  86           4.89                           25.9           1
2012 07 13 16 32  0.78  7.69  72           4.94                           25.9           1
2012 07 13 17 02  0.73  7.69  76           4.83                           26.0           1
2012 07 13 17 32  0.72  7.69  80           4.92                           26.0           1
2012 07 13 18 02  0.76  8.33  85           5.11                           26.0           1
2012 07 13 18 32  0.76  6.67  92           5.33                           26.2           1
2012 07 13 19 02  0.69  8.33  87           5.00                           26.2           1
2012 07 13 19 32  0.73  7.69  93           5.33                           26.3           1
2012 07 13 20 02  0.72  7.69  90           5.35                           26.4           1
2012 07 13 20 32  0.72  7.69  87           5.27                           26.4           1
2012 07 13 21 02  0.66  7.14  90           5.20                           26.4           1
2012 07 13 21 32  0.68  6.67  90           5.21                           26.4           1
2012 07 13 22 02  0.69  7.14  92           5.37                           26.3           1
2012 07 13 22 32  0.67  7.14  93           5.48                           26.3           1
2012 07 13 23 02  0.70  7.69  93           5.55                           26.2           1
2012 07 13 23 32  0.65  7.14  86           5.58                           26.1           1
2012 07 14 00 02  0.66  6.67 107           5.41                           26.1           1
2012 07 14 00 32  0.65  8.33  86           5.64                           26.1           1
2012 07 14 01 02  0.60  7.14  94           5.33                           26.0           1
2012 07 14 01 32  0.61  7.14  83           5.45                           26.0           1
2012 07 14 02 02  0.63  7.69  93           5.53                           26.0           1
2012 07 14 02 32  0.58  7.14  87           5.42                           26.0           1
2012 07 14 03 02  0.60  7.69  99           5.58                           26.0           1
2012 07 14 03 32  0.61  7.14 100           5.61                           26.0           1
2012 07 14 04 02  0.63  7.69  96           5.62                           26.1           1
2012 07 14 04 32  0.64  6.67  97           5.51                           26.1           1
2012 07 14 05 02  0.61  7.14 100           5.48                           26.1           1
2012 07 14 05 32  0.65  7.69  99           5.56                           26.0           1
2012 07 14 06 02  0.62  7.14  97           5.34                           26.0           1
2012 07 14 06 32  0.63  7.14  99           5.39                           26.0           1
2012 07 14 07 02  0.64  6.67  97           5.41                           26.1           1
2012 07 14 07 32  0.61  6.25  80           5.36                           26.1           1
2012 07 14 08 02  0.66  6.67 102           5.55                           25.9           1
2012 07 14 08 32  0.62  5.88  86           5.33                           26.0           1
2012 07 14 09 02  0.65  6.25  86           5.43                           26.0           1
2012 07 14 09 32  0.63  5.88  90           5.43                           26.0           1
2012 07 14 10 02  0.55  6.25  86           5.40                           26.0           1
2012 07 14 10 32  0.55  6.67  99           5.52                           26.0           1
2012 07 14 11 02  0.54  6.25  86           5.57                           26.1           1
2012 07 14 11 32  0.57  6.25 106           5.69                           26.2           1
2012 07 14 12 02  0.56  6.25  99           5.76                           26.3           1
2012 07 14 12 32  0.53  7.14 110           5.70                           26.4           1
2012 07 14 13 02  0.57  7.14 104           6.02                           26.5           1
2012 07 14 13 32  0.54  7.14 100           5.72                           26.6           1
2012 07 14 14 02  0.59  7.14 116           5.79                           26.9           1
2012 07 14 14 32  0.55  7.14 107           5.55                           27.0           1
2012 07 14 15 02  0.55  6.67 103           5.44                           27.1           1
2012 07 14 15 32  0.55  7.69 118           5.02                           27.2           1
2012 07 14 16 02  0.56  7.14 117           4.81                           27.2           1
2012 07 14 16 32  0.56  8.33 114           4.69                           27.3           1
2012 07 14 17 02  0.56  7.69 121           4.79                           27.5           1
2012 07 14 17 32  0.56  7.69 111           4.92                           27.7           1
2012 07 14 18 02  0.59  6.67 117           5.02                           27.8           1
2012 07 14 18 32  0.56  6.67 118           4.74                           27.8           1
2012 07 14 19 02  0.57  8.33 116           4.70                           27.8           1
2012 07 14 19 32  0.56  7.14 123           4.64                           27.9           1
2012 07 14 20 02  0.57  7.69 114           4.59                           27.9           1
2012 07 14 20 32  0.59  6.25 125           4.34                           28.0           1
2012 07 14 21 02  0.64  7.14 123           4.10                           27.9           1
2012 07 14 21 32  0.64  7.69 123           4.16                           27.8           1
2012 07 14 22 02  0.65  7.14 121           4.19                           27.8           1
2012 07 14 22 32  0.65  8.33 117           4.07                           27.7           1
2012 07 14 23 02  0.69  7.69 124           4.02                           27.6           1
2012 07 14 23 32  0.68  9.09 104           4.33                           27.5           1
2012 07 15 00 02  0.70  9.09 127           4.20                           27.3           1
2012 07 15 00 32  0.68  7.69 116           4.07                           27.2           1
2012 07 15 01 02  0.69  7.69 120           4.24                           27.2           1
2012 07 15 01 32  0.68  8.33 117           4.33                           27.2           1
2012 07 15 02 02  0.71  9.09 116           4.63                           27.2           1
2012 07 15 02 32  0.69  9.09 117           4.64                           27.2           1
2012 07 15 03 02  0.75  8.33 116           5.05                           27.2           1
2012 07 15 03 32  0.70  9.88 116           4.85                           27.1           1
2012 07 15 04 02  0.71  9.09 110           5.15                           27.0           1
2012 07 15 04 32  0.72  9.09 120           5.34                           27.0           1
2012 07 15 05 02  0.70  8.33 120           5.29                           27.0           1
2012 07 15 05 32  0.72  8.33 123           5.18                           27.0           1
2012 07 15 06 02  0.73  8.33 121           5.29                           27.0           1
2012 07 15 06 32  0.75  9.09 120           5.36                           27.0           1
2012 07 15 07 02  0.71  9.09 128           5.17                           26.9           1
2012 07 15 07 32  0.76  8.33 117           5.39                           26.9           1
2012 07 15 08 02  0.79  8.33 125           5.51                           26.9           1
2012 07 15 08 32  0.82  8.33 116           5.57                           26.8           1
2012 07 15 09 02  0.80  9.09 116           5.67                           26.8           1
2012 07 15 09 32  0.82  9.09 111           5.87                           26.8           1
2012 07 15 10 02  0.81  8.33 113           5.87                           26.7           1
2012 07 15 10 32  0.93  9.09 116           6.48                           26.6           1
2012 07 15 11 02  0.81  8.33 116           6.04                           26.6           1
2012 07 15 11 32  0.90  9.09 116           6.50                           26.6           1
2012 07 15 12 02  0.94  8.33 117           6.76                           26.7           1
2012 07 15 12 32  0.85  9.09 118           6.64                           26.7           1
2012 07 15 13 02  0.86  9.09 109           6.66                           26.8           1
2012 07 15 13 32  0.91  9.09 111           6.96                           26.9           1
2012 07 15 14 02  0.99  9.09 116           7.05                           27.0           1
2012 07 15 14 32  0.88  8.33 113           6.46                           27.1           1
2012 07 15 15 02  1.03  9.09 116           7.02                           27.0           1
2012 07 15 15 32  0.91  9.09 120           6.67                           27.3           1
2012 07 15 16 02  1.03  8.33 117           7.10                           27.5           1
2012 07 15 16 32  1.06  8.33 117           7.21                           27.6           1
2012 07 15 17 02  1.03  9.09 118           7.29                           27.7           1
2012 07 15 17 32  1.04  9.88 117           7.32                           27.9           1
2012 07 15 18 02  1.03  9.09 123           7.16                           27.9           1
2012 07 15 18 32  1.08  9.09 117           7.09                           27.8           1
2012 07 15 19 02  1.01  9.09 120           6.85                           28.0           1
2012 07 15 19 32  1.17  9.09 121           7.06                           28.0           1
2012 07 15 20 02  1.15  9.09 120           5.89                           28.2           1
2012 07 15 20 32  1.26  9.09 121           5.86                           28.0           1
2012 07 15 21 02  1.26  9.88 107           5.53                           28.0           1
2012 07 15 21 32  1.24  9.09 120           5.50                           28.0           1
2012 07 15 22 02  1.25 10.53 120           5.71                           28.0           1
2012 07 15 22 32  1.24  9.88 110           5.65                           28.0           1
2012 07 15 23 02  1.24  9.88 110           6.02                           28.0           1
2012 07 15 23 32  1.17  9.09 114           5.83                           28.0           1
2012 07 16 00 02  1.13 11.11 109           5.78                           27.9           1
2012 07 16 00 32  1.15  9.09 116           5.69                           27.8           1
2012 07 16 01 02  1.26  9.88 113           6.20                           27.7           1
2012 07 16 01 32  1.10  9.88 130           5.63                           27.5           1
2012 07 16 02 02  1.07 10.53 111           5.62                           27.3           1
2012 07 16 02 32  1.05  9.88 117           5.51                           27.3           1
2012 07 16 03 02  1.09 10.53 117           5.70                           27.2           1
2012 07 16 03 32  1.10  9.88 120           5.66                           27.2           1
2012 07 16 04 02  1.15  9.88 118           5.54                           27.2           1
2012 07 16 04 32  1.13  9.88 114           5.33                           27.0           1
2012 07 16 05 02  1.16  9.88 116           5.27                           27.0           1
2012 07 16 05 32  1.08  9.09 114           4.86                           26.9           1
2012 07 16 06 02  1.17  9.09 116           5.39                           26.8           1
2012 07 16 06 32  1.33  9.88 117           5.82                           26.7           1
2012 07 16 07 02  1.16 10.53 124           5.31                           26.6           1
2012 07 16 07 32  1.22  9.88 120           5.36                           26.5           1
2012 07 16 08 02  1.21 10.53 106           5.33                           26.5           1
2012 07 16 08 32  1.11  9.09 104           5.37                           26.5           1
2012 07 16 09 02  1.15  9.88 113           5.42                           26.4           1
2012 07 16 09 32  0.99 10.53 120           5.06                           26.4           1
2012 07 16 10 02  1.01  9.88 109           5.06                           26.4           1
2012 07 16 10 32  1.05  9.88 102           5.13                           26.3           1
2012 07 16 11 02  0.96  9.88 111           4.97                           26.3           1
2012 07 16 11 32  1.11 10.53 110           5.60                           26.3           1
2012 07 16 12 02  1.17  9.88 113           5.81                           26.2           1
2012 07 16 12 32  1.08 10.53 100           5.49                           26.3           1
2012 07 16 13 02  1.12  9.88 103           5.93                           26.4           1
2012 07 16 13 32  1.04 10.53 111           5.82                           26.4           1
2012 07 16 14 02  1.09  9.88 110           6.02                           26.4           1
2012 07 16 14 32  0.99  9.88 114           5.56                           26.4           1
2012 07 16 15 02  1.04  9.88 110           5.60                           26.5           1
2012 07 16 15 32  1.03  9.88 110           5.90                           26.5           1
2012 07 16 16 02  1.01  9.88 118           5.90                           26.6           1
2012 07 16 16 32  0.93  9.88 117           5.82                           26.7           1
2012 07 16 17 02  1.06  9.88 107           6.06                           26.8           1
2012 07 16 17 32  0.92 10.53 107           5.85                           26.8           1
2012 07 16 18 02  1.00  9.88 114           6.20                           26.9           1
2012 07 16 18 32  0.99  9.88 114           6.05                           27.0           1
2012 07 16 19 02  1.02  9.88 109           6.25                           27.0           1
2012 07 16 19 32  1.03  9.88 111           6.20                           27.0           1
2012 07 16 20 02  0.97  9.88 110           6.15                           27.0           1
2012 07 16 20 32  0.99  9.88 107           6.24                           27.0           1
2012 07 16 21 02  1.03  9.88 111           5.91                           27.0           1
2012 07 16 21 32  1.03  9.88 113           5.24                           27.1           1
2012 07 16 22 02  1.06  9.88 103           5.36                           26.9           1
2012 07 16 22 32  0.91  9.88 111           5.16                           27.0           1
2012 07 16 23 02  0.91  9.88 109           5.36                           27.0           1
2012 07 16 23 32  0.90  9.88 114           5.48                           27.0           1