 UTC           m   sec  deg     m     sec    mB     m/s  deg Air(C) Sfc(C) m/s deg  f
2012 03 01 00 25  1.09  5.26 121           4.35                            9.5           1
2012 03 01 00 55  1.07  5.00 132           4.27                            9.7           1
2012 03 01 01 25  1.08  5.26 125           4.47                            9.6           1
2012 03 01 01 55  1.08  5.00 138           4.44                            9.6           1
2012 03 01 02 25  1.11  5.88 128           4.45                            9.6           1
2012 03 01 02 55  1.10  5.56 130           4.33                            9.6           1
2012 03 01 03 25  1.15  5.56 127           4.43                            9.6           1
2012 03 01 03 55  1.22  5.88 130           4.68                            9.6           1
2012 03 01 04 25  1.25  5.56 138           4.80                            9.6           1
2012 03 01 04 55  1.23  5.56 147           4.85                            9.6           1
2012 03 01 05 25  1.18  5.88 142           4.84                            9.6           1
2012 03 01 05 55  1.15  5.88 149           5.00                            9.6           1
2012 03 01 06 25  1.23  5.56 152           5.09                            9.6           1
2012 03 01 06 55  1.24  6.67 145           5.31                            9.6           1
2012 03 01 07 25  1.21  6.25 145           5.28                            9.6           1
2012 03 01 07 55  1.19  6.25 154           5.28                            9.6           1
2012 03 01 08 25  1.24  6.67 149           5.33                            9.6           1
2012 03 01 08 55  1.18  6.25 149           5.30                            9.6           1
2012 03 01 09 25  1.21  6.67 149           5.18                            9.7           1
2012 03 01 09 55  1.12  5.88 149           4.88                            9.7           1
2012 03 01 10 25  1.29  5.88 149           5.24                            9.7           1
2012 03 01 10 55  1.24  7.14 144           5.46                            9.7           1
2012 03 01 11 25  1.23  6.25 155           5.54                            9.7           1
2012 03 01 11 55  1.27  6.67 149           5.50                            9.7           1
2012 03 01 12 25  1.36  7.14 152           5.83                            9.7           1
2012 03 01 12 55  1.36  7.14 154           5.79                            9.7           1
2012 03 01 13 25  1.27  7.14 154           5.71                            9.8           1
2012 03 01 13 55  1.38  7.69 149           5.96                            9.8           1
2012 03 01 14 25  1.31  7.69 152           5.96                            9.9           1
2012 03 01 14 55  1.28  7.14 149           5.86                            9.9           1
2012 03 01 15 25  1.38  7.14 147           6.01                           10.0           1
2012 03 01 15 55  1.30  7.69 149           5.75                           10.1           1
2012 03 01 16 25  1.28  7.69 148           5.55                           10.2           1
2012 03 01 16 55  1.22  7.14 151           5.38                           10.3           1
2012 03 01 17 25  1.26  7.69 151           5.45                           10.3           1
2012 03 01 17 55  1.25  7.14 155           5.46                           10.4           1
2012 03 01 18 25  1.25  7.69 149           5.48                           10.5           1
2012 03 01 18 55  1.08  7.69 147           5.20                           10.6           1
2012 03 01 19 25  1.12  7.69 145           5.22                           10.6           1
2012 03 01 19 55  1.14  8.33 141           5.20                           10.6           1
2012 03 01 20 25  1.11  7.69 145           5.21                           10.6           1
2012 03 01 20 55  1.12  7.69 148           5.45                           10.6           1
2012 03 01 21 25  1.12  8.33 139           5.70                           10.6           1
2012 03 01 21 55  1.10  7.14 149           5.67                           10.6           1
2012 03 01 22 25  1.13  7.14 152           5.84                           10.6           1
2012 03 01 22 55  1.10  7.69 145           5.88                           10.6           1
2012 03 01 23 25  1.12  7.69 144           6.01                           10.6           1
2012 03 01 23 55  1.13  7.69 149           6.25                           10.6           1
2012 03 02 00 25  1.17  7.69 149           6.38                           10.6           1
2012 03 02 00 55  1.19  7.14 148           6.33                           10.6           1
2012 03 02 01 25  1.13  7.14 147           6.26                           10.6           1
2012 03 02 01 55  1.17  7.14 148           6.21                           10.6           1
2012 03 02 02 25  1.19  8.33 137           6.08                           10.6           1
2012 03 02 02 55  1.07  7.14 149           5.54                           10.6           1
2012 03 02 03 25  1.18  6.67 148           4.88                           10.5           1
2012 03 02 03 55  1.17  7.14 141           4.48                           10.1           1
2012 03 02 04 25  1.22  6.67 148           4.30                           10.0           1
2012 03 02 04 55  1.36  7.14 142           4.34                            9.9           1
2012 03 02 05 25  1.29  7.14 137           4.31                            9.9           1
2012 03 02 05 55  1.35  3.85  42           4.34                            9.9           1
2012 03 02 06 25  1.38  4.55  45           4.43                           10.1           1
2012 03 02 06 55  1.43  4.76  51           4.61                           10.1           1
2012 03 02 07 25  1.50  5.56  52           4.74                           10.1           1
2012 03 02 07 55  1.62  5.88  61           4.90                           10.0           1
2012 03 02 08 25  1.61  6.25  73           5.05                            9.9           1
2012 03 02 08 55  1.62  6.67  76           4.92                            9.8           1
2012 03 02 09 25  1.79  6.25  66           5.10                            9.8           1
2012 03 02 09 55  1.71  6.67  69           5.11                            9.8           1
2012 03 02 10 25  1.79  6.67  61           5.32                            9.8           1
2012 03 02 10 55  1.64  6.67  71           5.32                            9.7           1
2012 03 02 11 25  1.74  6.25  61           5.20                            9.6           1
2012 03 02 11 55  1.80  6.67  58           5.31                            9.6           1
2012 03 02 12 25  1.59  6.67  64           5.18                            9.6           1
2012 03 02 12 55  1.63  6.67  62           5.36                            9.6           1
2012 03 02 13 25  1.60  6.67  62           5.19                            9.6           1
2012 03 02 13 55  1.58  6.67  62           5.37                            9.6           1
2012 03 02 14 25  1.52  6.25  59           5.33                            9.6           1
2012 03 02 14 55  1.50  6.67  58           5.40                            9.7           1
2012 03 02 15 25  1.54  5.56  69           5.47                            9.7           1
2012 03 02 15 55  1.45  5.56  66           5.42                            9.8           1
2012 03 02 16 25  1.42  6.25  64           5.44                            9.8           1
2012 03 02 16 55  1.41  9.09  75           5.37                            9.9           1
2012 03 02 17 25  1.41  5.88  57           5.34                            9.9           1
2012 03 02 17 55  1.38  9.09  79           5.31                            9.9           1
2012 03 02 18 25  1.40  9.88  82           5.37                            9.9           1
2012 03 02 18 55  1.41  9.09  76           5.46                            9.9           1
2012 03 02 19 25  1.47  7.69  86           5.52                           10.0           1
2012 03 02 19 55  1.46  9.09  86           5.39                           10.1           1
2012 03 02 20 25  1.43  9.09  86           5.36                           10.1           1
2012 03 02 20 55  1.51  9.88  76           5.56                           10.1           1
2012 03 02 21 25  1.53 10.53  79           5.79                           10.1           1
2012 03 02 21 55  1.51  9.88  65           5.82                           10.1           1
2012 03 02 22 25  1.56  9.88  75           6.17                           10.1           1
2012 03 02 22 55  1.53 10.53  44           6.15                           10.1           1
2012 03 02 23 25  1.59 10.53  51           6.24                           10.1           1
2012 03 02 23 55  1.49  9.88  92           6.14                           10.1           1
2012 03 03 00 25  1.64 10.53  68           6.36                           10.1           1
2012 03 03 00 55  1.57  9.88  61           6.58                           10.1           1
2012 03 03 01 25  1.59 10.53  57           6.34                           10.1           1
2012 03 03 01 55  1.63 11.11  58           6.47                           10.1           1
2012 03 03 02 25  1.66 11.11  61           6.49                           10.1           1
2012 03 03 02 55  1.64 10.53  52           6.56                           10.1           1
2012 03 03 03 25  1.61 10.53  59           6.52                           10.1           1
2012 03 03 03 55  1.70 11.11  65           6.65                           10.1           1
2012 03 03 04 25  1.57 10.53  68           6.40                           10.0           1
2012 03 03 04 55  1.57 11.11  51           6.12                           10.0           1
2012 03 03 05 25  1.62 11.11  61           6.55                           10.0           1
2012 03 03 05 55  1.66 10.53  54           6.68                           10.0           1
2012 03 03 06 25  1.61 10.53  66           6.67                           10.0           1
2012 03 03 06 55  1.58 11.11  66           6.51                            9.9           1
2012 03 03 07 25  1.65 11.76  52           6.77                            9.9           1
2012 03 03 07 55  1.55 11.76  64           6.48                            9.9           1
2012 03 03 08 25  1.56 11.11  65           6.78                            9.9           1
2012 03 03 08 55  1.51 11.11  62           6.54                            9.9           1
2012 03 03 09 25  1.52 11.76  68           6.72                            9.8           1
2012 03 03 09 55  1.58 11.11  76           6.82                            9.9           1
2012 03 03 10 25  1.64 11.76  69           7.01                            9.9           1
2012 03 03 10 55  1.51 11.11  59           6.65                            9.8           1
2012 03 03 11 25  1.56 11.76  59           6.87                            9.9           1
2012 03 03 11 55  1.49 12.50  57           6.81                            9.9           1
2012 03 03 12 25  1.43 11.76  59           6.48                            9.9           1
2012 03 03 12 55  1.47 11.11  55           6.76                            9.9           1
2012 03 03 13 25  1.46 11.76  62           6.66                           10.0           1
2012 03 03 13 55  1.41 11.11  69           6.54                           10.0           1
2012 03 03 14 25  1.40 11.11  65           6.56                           10.0           1
2012 03 03 14 55  1.37 11.11  54           6.71                           10.0           1
2012 03 03 15 25  1.51 11.76  66           6.92                           10.1           1
2012 03 03 15 55  1.56 11.11  66           6.99                           10.0           1
2012 03 03 16 25  1.37 10.53  78           6.35                           10.1           1
2012 03 03 16 55  1.37 11.11  72           6.64                           10.1           1
2012 03 03 17 25  1.46 11.76  59           6.81                           10.1           1
2012 03 03 17 55  1.54 11.76  68           7.34                           10.1           1
2012 03 03 18 25  1.44 11.76  69           6.95                           10.1           1
2012 03 03 18 55  1.42 11.76  57           7.12                           10.1           1
2012 03 03 19 25  1.41 11.11  68           6.94                           10.1           1
2012 03 03 19 55  1.48 11.11  58           7.18                           10.1           1
2012 03 03 20 25  1.37 11.11  59           6.94                           10.1           1
2012 03 03 20 55  1.47 11.11  55           6.81                           10.1           1
2012 03 03 21 25  1.34 11.76  54           6.66                           10.1           1
2012 03 03 21 55  1.41 10.53  59           7.02                           10.0           1
2012 03 03 22 25  1.27 10.53  80           6.77                           10.0           1
2012 03 03 22 55  1.29 11.76  61           7.12                           10.1           1
2012 03 03 23 25  1.28 10.53  69           7.19                           10.1           1
2012 03 03 23 55  1.33 11.11  71           7.40                           10.1           1
2012 03 04 00 25  1.32 11.76  57           7.24                           10.1           1
2012 03 04 00 55  1.35 11.76  64           7.42                           10.1           1
2012 03 04 01 25  1.31 10.53  76           7.26                           10.1           1
2012 03 04 01 55  1.32 11.11  61           7.48                           10.1           1
2012 03 04 02 25  1.30 11.76  51           7.65                           10.1           1
2012 03 04 02 55  1.16 11.76  66           7.09                           10.1           1
2012 03 04 03 25  1.21 11.11  66           7.24                           10.1           1
2012 03 04 03 55  1.26 12.50  62           7.49                           10.1           1
2012 03 04 04 25  1.21 12.50  49           7.53                           10.1           1
2012 03 04 04 55  1.18 10.53  69           7.40                           10.1           1
2012 03 04 05 25  1.20  9.88 109           7.81                           10.1           1
2012 03 04 05 55  1.15 11.11  62           7.64                           10.1           1
2012 03 04 06 25  1.17 11.11  68           7.79                           10.1           1
2012 03 04 06 55  1.11 11.76  64           7.89                           10.0           1
2012 03 04 07 25  1.07 12.50  55           7.18                            9.9           1
2012 03 04 07 55  1.19 11.76  68           6.76                            9.9           1
2012 03 04 08 25  1.12  9.88 109           5.89                            9.9           1
2012 03 04 08 55  1.18 12.50  54           5.41                            9.9           1
2012 03 04 09 25  1.20 11.76  73           4.86                            9.9           1
2012 03 04 09 55  1.24 11.11  90           4.79                            9.9           1
2012 03 04 10 25  1.31 11.76  57           4.62                            9.9           1
2012 03 04 10 55  1.33 11.76  75           4.81                            9.9           1
2012 03 04 11 25  1.25 11.11  62           4.49                            9.9           1
2012 03 04 11 55  1.22 11.11  64           4.63                            9.9           1
2012 03 04 12 25  1.32 11.11  65           4.60                            9.9           1
2012 03 04 12 55  1.40 12.50  64           4.54                            9.9           1
2012 03 04 13 25  1.33 11.11  55           4.48                            9.9           1
2012 03 04 13 55  1.40 11.76  68           4.70                            9.9           1
2012 03 04 14 25  1.45 11.76  52           4.61                            9.9           1
2012 03 04 14 55  1.52  4.35   9           4.58                            9.9           1
2012 03 04 15 25  1.70  4.35  12           4.63                            9.9           1
2012 03 04 15 55  1.75  5.00  24           4.68                            9.9           1
2012 03 04 16 25  1.86  5.56  30           4.89                            9.8           1
2012 03 04 16 55  1.89  5.56  31           4.94                            9.8           1
2012 03 04 17 25  1.91  5.88  34           4.97                            9.8           1
2012 03 04 17 55  1.89  6.25  41           5.13                            9.8           1
2012 03 04 18 25  2.00  5.88  31           5.35                            9.7           1
2012 03 04 18 55  1.86  5.88  38           5.26                            9.9           1
2012 03 04 19 25  1.89  6.67  47           5.41                            9.9           1
2012 03 04 19 55  1.90  6.67  47           5.67                            9.9           1
2012 03 04 20 25  1.91  6.67  49           5.83                            9.9           1
2012 03 04 20 55  1.94  6.67  45           6.09                            9.9           1
2012 03 04 21 25  1.82 10.53 104           6.14                            9.9           1
2012 03 04 21 55  1.84 11.11  78           6.62                            9.9           1
2012 03 04 22 25  1.74 10.53  94           6.26                            9.9           1
2012 03 04 22 55  1.75 11.76  93           6.60                            9.9           1
2012 03 04 23 25  1.74  9.88  93           6.67                            9.8           1
2012 03 04 23 55  1.77 11.11  94           6.53                            9.8           1
2012 03 05 00 25  1.70  6.67  54           6.13                            9.9           1
2012 03 05 00 55  1.71 10.53 117           6.14                            9.9           1
2012 03 05 01 25  1.66  9.88  97           6.30                            9.8           1
2012 03 05 01 55  1.70 10.53 107           5.90                            9.8           1
2012 03 05 02 25  1.66 10.53 106           5.68                            9.9           1
2012 03 05 02 55  1.70 11.76 111           5.93                            9.8           1
2012 03 05 03 25  1.79  9.88 102           6.10                            9.8           1
2012 03 05 03 55  1.62 10.53 113           5.90                            9.8           1
2012 03 05 04 25  1.58 10.53  93           5.79                            9.8           1
2012 03 05 04 55  1.72 10.53 100           6.12                            9.8           1
2012 03 05 05 25  1.64 11.11 109           5.90                            9.7           1
2012 03 05 05 55  1.62 10.53 104           6.07                            9.7           1
2012 03 05 06 25  1.77  9.88 109           6.32                            9.6           1
2012 03 05 06 55  1.52 11.76 121           5.92                            9.6           1
2012 03 05 07 25  1.44 11.11 110           5.93                            9.6           1
2012 03 05 07 55  1.32 11.11  92           5.13                            9.6           1
2012 03 05 08 25  1.24 10.53 118           5.06                            9.6           1
2012 03 05 08 55  1.11 10.53  99           4.96                            9.6           1
2012 03 05 09 25  1.22  9.88  75           5.35                            9.6           1
2012 03 05 09 55  1.14 10.53  94           5.36                            9.6           1
2012 03 05 10 25  1.34 10.53 106           6.48                            9.6           1
2012 03 05 10 55  1.11  9.88 109           6.03                            9.6           1
2012 03 05 11 25  1.08  9.88 121           6.65                            9.6           1
2012 03 05 11 55  0.91 10.53 124           6.87                            9.6           1
2012 03 05 12 25  1.06  9.88 118           7.33                            9.6           1
2012 03 05 12 55  0.91 10.53 110           6.33                            9.6           1
2012 03 05 13 25  1.00  9.88 120           6.69                            9.6           1
2012 03 05 13 55  0.91 10.53 121           6.25                            9.6           1
2012 03 05 14 25  0.94 11.11 121           6.57                            9.6           1
2012 03 05 14 55  1.03  9.88 110           6.89                            9.6           1
2012 03 05 15 25  1.02  9.88 118           6.16                            9.6           1
2012 03 05 15 55  1.10 10.53 134           6.42                            9.6           1
2012 03 05 16 25  1.01 10.53 128           4.92                            9.6           1
2012 03 05 16 55  1.16 10.53 114           4.35                            9.6           1
2012 03 05 17 25  1.46 10.53 132           4.39                            9.6           1
2012 03 05 17 55  1.45 10.53 118           4.45                            9.6           1
2012 03 05 18 25  1.20 10.53 124           4.58                            9.6           1
2012 03 05 18 55  0.97 10.53 118           4.69                            9.6           1
2012 03 05 19 25  0.95 10.53 118           5.02                            9.6           1
2012 03 05 19 55  1.24 10.53 128           4.22                            9.6           1
2012 03 05 20 25  1.44  4.35 280           4.32                            9.6           1
2012 03 05 20 55  1.64  4.55 293           4.40                            9.6           1
2012 03 05 21 25  1.85  5.00 317           4.55                            9.6           1
2012 03 05 21 55  1.83  5.56 332           4.62                            9.6           1
2012 03 05 22 25  2.07  5.26 338           4.75                            9.6           1
2012 03 05 22 55  2.03  5.56 343           4.91                            9.5           1
2012 03 05 23 25  1.81  5.88 350           4.65                            9.5           1
2012 03 05 23 55  1.75  5.88 348           4.66                            9.4           1
2012 03 06 00 25  1.65  5.56 346           4.54                            9.4           1
2012 03 06 00 55  1.54  5.56 346           4.43                            9.4           1
2012 03 06 01 25  1.59  5.56 349           4.45                            9.4           1
2012 03 06 01 55  1.46  5.88   2           4.39                            9.4           1
2012 03 06 02 25  1.44  5.56   2           4.32                            9.4           1
2012 03 06 02 55  1.44  5.88   6           4.35                            9.3           1
2012 03 06 03 25  1.42  5.56   4           4.34                            9.2           1
2012 03 06 03 55  1.39  5.26   6           4.38                            9.2           1
2012 03 06 04 25  1.43  5.26   7           4.43                            9.2           1
2012 03 06 04 55  1.52  5.56   9           4.44                            9.2           1
2012 03 06 05 25  1.54  5.56  16           4.55                            9.2           1
2012 03 06 05 55  1.47  5.56   9           4.41                            9.2           1
2012 03 06 06 25  1.50  5.56  19           4.42                            9.1           1
2012 03 06 06 55  1.54  5.56  19           4.40                            9.2           1
2012 03 06 07 25  1.59  5.26   3           4.51                            9.2           1
2012 03 06 07 55  1.65  5.56  12           4.54                            9.2           1
2012 03 06 08 25  1.69  5.56  12           4.58                            9.1           1
2012 03 06 08 55  1.87  5.56   2           4.77                            9.2           1
2012 03 06 09 25  2.13  6.25  13           5.04                            9.2           1
2012 03 06 09 55  2.10  6.25   3           5.10                            9.1           1
2012 03 06 10 25  1.91  5.88 356           4.95                            9.1           1
2012 03 06 10 55  1.81  6.25   4           4.80                            9.1           1
2012 03 06 11 25  1.91  6.25   2           4.98                            9.1           1
2012 03 06 11 55  1.85  6.25   4           4.86                            9.1           1
2012 03 06 12 25  1.89  6.25   7           4.97                            9.1           1
2012 03 06 12 55  1.74  5.88   0           4.73                            9.1           1
2012 03 06 13 25  1.67  6.25   9           4.76                            9.1           1
2012 03 06 13 55  1.64  6.25   9           4.70                            9.1           1
2012 03 06 14 25  1.53  5.88   7           4.66                            9.1           1
2012 03 06 14 55  1.48  5.88   4           4.61                            9.1           1
2012 03 06 15 25  1.44  5.88   7           4.61                            9.1           1
2012 03 06 15 55  1.45  5.56   7           4.57                            9.1           1
2012 03 06 16 25  1.40  5.56   4           4.52                            9.1           1
2012 03 06 16 55  1.37  5.88  14           4.56                            9.1           1
2012 03 06 17 25  1.43  5.88  21           4.65                            9.1           1
2012 03 06 17 55  1.29  6.25  26           4.67                            9.1           1
2012 03 06 18 25  1.27  6.25  21           4.61                            9.1           1
2012 03 06 18 55  1.24  6.25  28           4.64                            9.2           1
2012 03 06 19 25  1.09  5.56  10           4.57                            9.3           1
2012 03 06 19 55  1.15  5.88  23           4.63                            9.3           1
2012 03 06 20 25  1.09  5.56  17           4.71                            9.3           1
2012 03 06 20 55  1.07  5.56  23           4.83                            9.3           1
2012 03 06 21 25  1.03  9.09  57           4.96                            9.4           1
2012 03 06 21 55  1.14  8.33  42           5.57                            9.3           1
2012 03 06 22 25  1.24  8.33  41           5.82                            9.2           1
2012 03 06 22 55  1.28  7.69  45           6.08                            9.2           1
2012 03 06 23 25  1.37  8.33  42           6.20                            9.2           1
2012 03 06 23 55  1.20  7.69  41           6.04                            9.1           1
2012 03 14 16 27  0.80  9.09 127           5.66                                          1
2012 03 14 16 57  0.73 10.53 109           5.70                           11.9           1
2012 03 14 17 27  0.70  9.09 125           5.76                           12.2           1
2012 03 14 17 57  0.68  9.09 123           5.81                           12.4           1
2012 03 14 18 27  0.72  9.09 121           5.99                           13.0           1
2012 03 14 18 57  0.71  9.88 116           6.22                           13.4           1
2012 03 14 19 27  0.70  9.09 124           6.31                           14.6           1
2012 03 14 19 57  0.71  9.88 117           6.42                           15.0           1
2012 03 14 20 27  0.68  9.09 117           6.64                           15.6           1
2012 03 14 20 57  0.68  9.88 114           6.81                           14.6           1
2012 03 14 21 27  0.70  9.09 116           6.62                           15.2           1
2012 03 14 21 57  0.70  9.88 111           6.86                           14.4           1
2012 03 14 22 27  0.65 15.38  65           6.81                           14.1           1
2012 03 14 22 57  0.68  9.09 125           6.92                           13.5           1
2012 03 14 23 27  0.71  9.09 123           7.16                           12.7           1
2012 03 14 23 57  0.67  9.09 124           7.12                           12.3           1
2012 03 15 00 27  0.69  9.88 124           6.93                           12.0           1
2012 03 15 00 57  0.72  9.09 121           6.98                           12.1           1
2012 03 15 01 27  0.71  6.25 135           6.77                           12.0           1
2012 03 15 01 57  0.73 15.38  75           7.10                           12.0           1
2012 03 15 02 27  0.73  9.09 124           6.92                           11.9           1
2012 03 15 02 57  0.72 14.29  73           6.76                           11.8           1
2012 03 15 03 27  0.74 14.29  72           6.79                           11.7           1
2012 03 15 03 57  0.74  9.88 110           6.63                           11.6           1
2012 03 15 04 27  0.74  9.09 124           6.82                           11.5           1
2012 03 15 04 57  0.72 14.29  87           6.49                           11.5           1
2012 03 15 05 27  0.75  9.09 127           6.47                           11.5           1
2012 03 15 05 57  0.79  9.88 116           6.74                           11.5           1
2012 03 15 06 27  0.76  9.09 118           6.69                           11.4           1
2012 03 15 06 57  0.77 15.38  79           6.75                           11.2           1
2012 03 15 07 27  0.75 14.29  75           6.83                           11.2           1
2012 03 15 07 57  0.73 14.29  83           6.98                           11.5           1
2012 03 15 08 27  0.69  9.88 114           6.56                           11.5           1
2012 03 15 08 57  0.74  8.33 127           6.88                           11.5           1
2012 03 15 09 27  0.68 14.29  83           6.80                           11.5           1
2012 03 15 09 57  0.73 14.29  72           7.07                           11.5           1
2012 03 15 10 27  0.74 14.29  76           7.20                           11.5           1
2012 03 15 10 57  0.71 13.33  76           6.85                           11.4           1
2012 03 15 11 27  0.68 14.29  99           6.95                           11.2           1
2012 03 15 11 57  0.66 13.33  83           7.00                           11.2           1
2012 03 15 12 27  0.66 14.29  82           6.92                           11.3           1
2012 03 15 12 57  0.66  9.09 127           7.05                           11.3           1
2012 03 15 13 27  0.72  9.09 124           7.40                           11.4           1
2012 03 15 13 57  0.67  9.88 116           6.90                           11.5           1
2012 03 15 14 27  0.67  9.09 121           6.89                           11.5           1
2012 03 15 14 57  0.65  9.88 120           6.80                           11.6           1
2012 03 15 15 27  0.64 14.29  96           6.52                           11.8           1
2012 03 15 15 57  0.66 13.33  94           6.89                           11.8           1
2012 03 15 16 27  0.63 14.29  73           6.45                           11.9           1
2012 03 15 16 57  0.65 14.29  82           6.56                           12.0           1
2012 03 15 17 27  0.66  8.33 123           6.27                           12.0           1
2012 03 15 17 57  0.64 10.53 128           6.36                           12.2           1
2012 03 15 18 27  0.65  9.09 118           6.21                           12.4           1
2012 03 15 18 57  0.64  9.09 118           5.92                           12.5           1
2012 03 15 19 27  0.66 13.33  80           5.98                           12.5           1
2012 03 15 19 57  0.67  8.33 131           5.85                           12.5           1
2012 03 15 20 27  0.66  9.09 120           5.83                           12.5           1
2012 03 15 20 57  0.71  9.09 124           5.47                           12.5           1
2012 03 15 21 27  0.67  9.09 127           5.04                           12.3           1
2012 03 15 21 57  0.68  9.88 109           4.63                           12.2           1
2012 03 15 22 27  0.76  9.88 109           4.71                           12.1           1
2012 03 15 22 57  0.78 13.33  86           4.60                           12.0           1
2012 03 15 23 27  0.75  9.09 121           4.51                           11.8           1
2012 03 15 23 57  0.80  7.69 131           4.78                           11.8           1
2012 03 16 00 27  0.74  7.69 131           4.56                           11.6           1
2012 03 16 00 57  0.72  9.09 128           5.21                           11.8           1
2012 03 16 01 27  0.75 16.67  90           5.50                           12.0           1
2012 03 16 01 57  0.67  8.33 131           5.14                           12.0           1
2012 03 16 02 27  0.67  9.88 127           5.39                           11.8           1
2012 03 16 02 57  0.66 13.33  94           5.24                           11.6           1
2012 03 16 03 27  0.70  9.09 109           5.54                           11.5           1
2012 03 16 03 57  0.65  9.09 120           5.30                           11.5           1
2012 03 16 04 27  0.69  7.69 131           5.85                           11.5           1
2012 03 16 04 57  0.65  9.09 118           5.64                           11.5           1
2012 03 16 05 27  0.66  9.09 127           5.63                           11.5           1
2012 03 16 05 57  0.63  7.69 137           5.60                           11.6           1
2012 03 16 06 27  0.66  9.09 131           5.60                           11.5           1
2012 03 16 06 57  0.66  9.88 124           5.86                           11.5           1
2012 03 16 07 27  0.63 10.53 118           5.47                           11.5           1
2012 03 16 07 57  0.65  9.09 124           5.66                           11.6           1
2012 03 16 08 27  0.66  9.88 111           5.62                           11.5           1
2012 03 16 08 57  0.61  9.88 111           5.75                           11.5           1
2012 03 16 09 27  0.62 10.53  96           5.59                           11.4           1
2012 03 16 09 57  0.63  9.88 109           5.71                           11.4           1
2012 03 16 10 27  0.63  7.14 137           5.52                           11.4           1
2012 03 16 10 57  0.64  9.09 123           5.51                           11.4           1
2012 03 16 11 27  0.68  9.09 114           5.79                           11.4           1
2012 03 16 11 57  0.68  9.09 111           5.74                           11.3           1
2012 03 16 12 27  0.68  9.09 110           5.70                           11.2           1
2012 03 16 12 57  0.72  8.33 123           5.49                           11.4           1
2012 03 16 13 27  0.74  8.33 124           5.11                           11.4           1
2012 03 16 13 57  0.80  9.88 111           4.89                           11.4           1
2012 03 16 14 27  0.79  9.09  89           4.46                           11.4           1
2012 03 16 14 57  0.79  9.88  87           4.85                           11.5           1
2012 03 16 15 27  0.75 10.53  80           4.98                           11.5           1
2012 03 16 15 57  0.74  9.09  83           5.19                           11.5           1
2012 03 16 16 27  0.73  9.88  65           5.45                           11.6           1
2012 03 16 16 57  0.72  9.88 100           5.51                           11.8           1
2012 03 16 17 27  0.72  9.09  73           5.58                           12.0           1
2012 03 16 17 57  0.77  9.88  58           5.66                           12.0           1
2012 03 16 18 27  0.76  9.09  78           5.93                           12.1           1
2012 03 16 18 57  0.78  9.88  73           6.19                           12.5           1
2012 03 16 19 27  0.77  9.09  72           6.08                           12.5           1
2012 03 16 19 57  0.72  8.33  87           6.08                           12.5           1
2012 03 16 20 27  0.75  9.09  80           6.15                           12.4           1
2012 03 16 20 57  0.75  9.09  82           6.22                           12.2           1
2012 03 16 21 27  0.78  9.09  72           5.91                           12.5           1
2012 03 16 21 57  0.76  9.88  48           5.70                           12.5           1
2012 03 16 22 27  0.81  8.33  80           5.78                           12.2           1
2012 03 16 22 57  0.79  9.09  87           5.36                           12.1           1
2012 03 16 23 27  0.80  9.88  69           5.30                           12.0           1
2012 03 16 23 57  0.77  9.09  87           5.39                           13.1           1
2012 03 17 00 27  0.79  9.88  52           5.50                           12.9           1
2012 03 17 00 57  0.78  8.33  97           5.60                           12.9           1
2012 03 17 01 27  0.84  9.88  72           5.89                           12.9           1
2012 03 17 01 57  0.82  9.09  99           5.89                           12.8           1
2012 03 17 02 27  0.80  9.88  73           5.87                           13.0           1
2012 03 17 02 57  0.82  9.09  92           6.13                           12.9           1
2012 03 17 03 27  0.86  9.09  96           6.04                           12.7           1
2012 03 17 03 57  0.88 11.11  65           5.97                           12.7           1
2012 03 17 04 27  0.96  9.09  78           6.39                           12.8           1
2012 03 17 04 57  0.94  9.09  62           6.06                           12.6           1
2012 03 17 05 27  0.95 10.53  42           6.36                           12.6           1
2012 03 17 05 57  1.03  9.88  45           6.49                           12.5           1
2012 03 17 06 27  0.96  9.88  48           6.48                           12.6           1
2012 03 17 06 57  0.97 10.53  45           6.61                           12.5           1
2012 03 17 07 27  1.06 10.53  51           6.76                           12.5           1
2012 03 17 07 57  1.03 10.53  38           6.63                           12.5           1
2012 03 17 08 27  0.97  9.88  54           6.65                           12.4           1
2012 03 17 08 57  0.98  9.88  49           6.73                           12.4           1
2012 03 17 09 27  0.98  9.88  59           6.56                           12.2           1
2012 03 17 09 57  0.98 12.50  49           6.68                           12.3           1
2012 03 17 10 27  0.98  9.88  42           6.63                           12.3           1
2012 03 17 10 57  0.93 11.11  54           6.75                           12.3           1
2012 03 17 11 27  1.00  9.88  68           6.87                           12.3           1
2012 03 17 11 57  0.95 11.76  44           6.69                           12.3           1
2012 03 17 12 27  0.98 10.53  55           7.08                           12.4           1
2012 03 17 12 57  0.94 11.76  44           6.87                           12.5           1
2012 03 17 13 27  0.97 11.11  64           7.03                           12.5           1
2012 03 17 13 57  0.98 11.11  38           7.18                           12.5           1
2012 03 17 14 27  0.87 10.53  47           6.61                           12.5           1
2012 03 17 14 57  0.97 10.53  45           6.30                           12.5           1
2012 03 17 15 27  0.99 11.76  66           6.19                           12.5           1
2012 03 17 15 57  0.98 10.53  61           5.92                           12.6           1
2012 03 17 16 27  1.05 11.11  54           6.12                           12.8           1
2012 03 17 16 57  1.09 11.11  64           5.91                           12.9           1
2012 03 17 17 27  1.03 11.11  59           5.40                           12.9           1
2012 03 17 17 57  1.07 10.53  49           5.58                           12.8           1
2012 03 17 18 27  1.04 11.76  49           5.51                           12.9           1
2012 03 17 18 57  1.04 11.11  61           5.48                           12.9           1
2012 03 17 19 27  1.08 11.11  48           5.44                           12.8           1
2012 03 17 19 57  1.07 10.53  57           4.91                           12.5           1
2012 03 17 20 27  1.09 11.11  51           4.88                           12.5           1
2012 03 17 20 57  1.08 10.53  65           4.93                           12.4           1
2012 03 17 21 27  1.13 11.11  52           4.80                           12.4           1
2012 03 17 21 57  1.10 11.11  64           4.69                           12.4           1
2012 03 17 22 27  1.12 11.11  59           4.77                           12.4           1
2012 03 17 22 57  1.23  9.88  69           4.79                           12.4           1
2012 03 17 23 27  1.10 11.11  68           4.51                           12.4           1
2012 03 17 23 57  1.19 11.11  71           4.83                           12.3           1
2012 03 18 00 27  1.26 11.76  62           4.67                           12.2           1
2012 03 18 00 57  1.29 11.11  65           4.69                           12.1           1
2012 03 18 01 57  1.19 11.11  64           4.47                                          1
2012 03 18 02 27  1.24 10.53  58           4.49                           11.9           1
2012 03 18 02 57  1.26  4.76  51           4.55                           11.9           1
2012 03 18 03 27  1.28  4.76  47           4.68                           11.9           1
2012 03 18 03 57  1.30 11.76  75           4.85                           11.9           1
2012 03 18 04 27  1.31  4.76  52           4.84                           11.9           1
2012 03 18 04 57  1.28  5.00  61           4.81                           11.9           1
2012 03 18 05 27  1.28  5.26  65           4.98                           12.0           1
2012 03 18 05 57  1.26  5.26  59           5.07                           12.0           1
2012 03 18 06 27  1.25  5.26  58           5.14                           11.9           1
2012 03 18 06 57  1.35  5.56  64           5.20                           11.9           1
2012 03 18 07 27  1.38  5.56  58           5.30                           11.9           1
2012 03 18 07 57  1.34  5.56  59           5.24                           11.9           1
2012 03 18 08 27  1.27 10.53  61           5.39                           11.9           1
2012 03 18 08 57  1.27 11.11  64           5.35                           11.9           1
2012 03 18 09 27  1.24 10.53  64           5.39                           11.9           1
2012 03 18 09 57  1.24  5.88  62           5.48                           11.9           1
2012 03 18 10 27  1.22  5.56  64           5.30                           11.9           1
2012 03 18 10 57  1.19  5.56  64           5.26                           11.9           1
2012 03 18 11 27  1.22 10.53  61           5.36                           11.9           1
2012 03 18 11 57  1.22  6.25  66           5.33                           11.8           1
2012 03 18 12 27  1.04  9.09  87           5.22                           11.8           1
2012 03 18 12 57  1.12  5.88  78           5.32                           11.6           1
2012 03 18 13 27  1.08  9.88  64           5.34                           11.5           1
2012 03 18 13 57  1.11  5.56  68           5.20                           11.5           1
2012 03 18 14 27  1.06 11.11  75           5.37                           11.6           1
2012 03 18 14 57  1.12 10.53  69           5.38                           11.6           1
2012 03 18 15 27  1.14 11.11  65           5.42                           11.8           1
2012 03 18 15 57  1.13  9.88  80           5.26                           11.8           1
2012 03 18 16 27  1.16  5.00  75           5.22                           11.8           1
2012 03 18 16 57  1.17  5.26  75           5.07                           11.9           1
2012 03 18 17 27  1.15  9.88  73           5.09                           11.8           1
2012 03 18 18 27  1.15  9.09  92           4.94                                          1
2012 03 18 18 57  1.11  5.26  79           4.72                           12.0           1
2012 03 18 19 27  1.11 10.53  64           4.92                           12.1           1
2012 03 18 19 57  1.12 11.11  65           4.89                           12.1           1
2012 03 18 20 27  1.05  8.33 107           4.98                           12.0           1
2012 03 18 20 57  1.05  8.33 106           4.80                           12.1           1
2012 03 18 21 27  1.05 10.53  75           4.75                           12.3           1
2012 03 18 21 57  1.03 10.53  75           4.64                           12.4           1
2012 03 18 22 27  1.07  9.88  86           4.75                           12.4           1
2012 03 18 22 57  1.04 10.53  61           4.67                           12.4           1
2012 03 18 23 27  1.01  9.88  76           4.68                           12.4           1
2012 03 18 23 57  1.00  9.88  79           4.67                           12.3           1
2012 03 19 00 27  0.99  8.33 107           4.64                           12.2           1
2012 03 19 00 57  0.96 10.53  64           4.65                           12.2           1
2012 03 19 01 27  0.98  9.88  68           4.71                           12.2           1
2012 03 19 01 57  0.97  7.69 109           4.99                           12.2           1
2012 03 19 02 27  0.96  7.69 113           4.97                           12.2           1
2012 03 19 02 57  1.00  5.00  73           4.96                           12.2           1
2012 03 19 03 27  0.97  7.69 109           4.98                           12.1           1
2012 03 19 03 57  0.96  7.69 113           5.05                           12.0           1
2012 03 19 04 27  0.97  5.00  78           4.98                           12.0           1
2012 03 19 04 57  0.96  8.33  94           5.17                           12.1           1
2012 03 19 05 27  0.97  9.88  66           5.10                           12.2           1
2012 03 19 05 57  1.01  9.88  65           5.18                           12.2           1
2012 03 19 06 27  0.96  5.00  83           5.04                           12.2           1
2012 03 19 06 57  0.93  7.69 111           5.30                           12.1           1
2012 03 19 07 27  0.94  5.26  87           5.03                           12.1           1
2012 03 19 07 57  0.97  5.00  85           5.21                           12.1           1
2012 03 19 08 27  0.91  8.33 106           5.08                           12.1           1
2012 03 19 08 57  0.90  8.33 107           5.04                           12.1           1
2012 03 19 09 27  0.87  9.88  72           5.23                           12.1           1
2012 03 19 09 57  0.85  9.88  61           5.14                           12.1           1
2012 03 19 10 27  0.75  7.69 107           5.04                           12.1           1
2012 03 19 10 57  0.85  8.33 103           5.64                           12.1           1
2012 03 19 11 27  0.81 10.53  82           5.25                           12.1           1
2012 03 19 11 57  0.75  9.88  61           5.19                           12.1           1
2012 03 19 12 27  0.76  7.69 121           5.32                           12.0           1
2012 03 19 12 57  0.74  9.88  73           5.27                           12.0           1
2012 03 19 13 27  0.77  7.14 116           5.41                           12.0           1
2012 03 19 13 57  0.74  9.88  79           5.48                           12.0           1
2012 03 19 14 27  0.74  9.88  79           5.37                           12.1           1
2012 03 19 14 57  0.74  7.14 113           5.59                           12.1           1
2012 03 19 15 27  0.74  7.14 110           5.56                           12.2           1
2012 03 19 15 57  0.71  9.09  76           5.60                           12.2           1
2012 03 19 16 27  0.71  9.09  75           5.61                           12.4           1
2012 03 19 16 57  0.74  6.67 114           5.68                           12.5           1
2012 03 19 17 27  0.75  8.33  99           5.60                           12.4           1
2012 03 19 17 57  0.68  7.69 103           5.47                           12.5           1
2012 03 19 18 27  0.70  7.69 102           5.58                           12.8           1
2012 03 19 18 57  0.68  9.09  73           5.47                           12.9           1
2012 03 19 19 27  0.67  9.09  78           5.38                           13.1           1
2012 03 19 19 57  0.64  7.69  99           5.18                           12.9           1
2012 03 19 20 27  0.66  9.09  80           5.40                           12.9           1
2012 03 19 20 57  0.62  7.14 110           5.42                           12.9           1
2012 03 19 21 27  0.65  7.69 106           5.59                           13.0           1
2012 03 19 21 57  0.64  8.33 100           5.62                           13.0           1
2012 03 19 22 27  0.66  7.14 106           5.90                           12.8           1
2012 03 19 22 57  0.62  7.69 107           5.87                           12.4           1
2012 03 19 23 27  0.60  7.14 107           5.84                           12.1           1
2012 03 19 23 57  0.61  8.33  96           5.95                           12.1           1
2012 03 20 00 27  0.66  8.33 100           6.21                           12.1           1
2012 03 20 00 57  0.64  9.09  94           6.13                           12.1           1
2012 03 20 01 57  0.67  6.67 110           6.28                                          1
2012 03 20 02 27  0.68  7.69 109           6.37                           12.4           1
2012 03 20 02 57  0.69  6.25 109           6.44                           12.4           1
2012 03 20 03 27  0.64  6.25 103           6.16                           12.4           1
2012 03 20 04 27  0.69  6.25 111           6.18                                          1
2012 03 20 04 57  0.65  7.69 109           6.26                           12.4           1
2012 03 20 05 27  0.63  7.14 110           6.17                           12.5           1
2012 03 20 05 57  0.67  6.67 116           6.26                           12.5           1
2012 03 20 06 27  0.65  7.69 107           6.13                           12.5           1
2012 03 20 06 57  0.63  7.14 117           6.03                           12.6           1
2012 03 20 07 27  0.66  6.25 120           6.15                           12.6           1
2012 03 20 07 57  0.67  6.25 120           5.88                           12.6           1
2012 03 20 08 27  0.65  7.14 120           5.98                           12.6           1
2012 03 20 08 57  0.66  6.67 124           5.94                           12.5           1
2012 03 20 09 27  0.63  6.67 121           5.83                           12.5           1
2012 03 20 09 57  0.63  7.14 116           5.72                           12.4           1
2012 03 20 10 27  0.64  7.14 120           5.94                           12.2           1
2012 03 20 10 57  0.64  5.88 124           5.80                           12.2           1
2012 03 20 11 27  0.60  6.67 127           5.82                           12.3           1
2012 03 20 11 57  0.62  8.33  94           5.89                           12.3           1
2012 03 20 12 27  0.62  6.67 114           6.16                           12.4           1
2012 03 20 12 57  0.64  7.14 121           5.71                           12.5           1
2012 03 20 13 27  0.59  6.67 118           5.71                           12.5           1
2012 03 20 13 57  0.60  6.67 116           5.85                           12.7           1
2012 03 20 14 27  0.64  6.67 130           5.90                           13.0           1
2012 03 20 14 57  0.66  5.88 128           5.87                           13.1           1
2012 03 20 15 27  0.70  9.88  78           6.06                           13.2           1
2012 03 20 15 57  0.68  7.69 110           5.85                           13.2           1
2012 03 20 16 27  0.66  6.25 117           5.69                           13.5           1
2012 03 20 16 57  0.68  5.26 130           5.60                           13.8           1
2012 03 20 17 27  0.69  5.26 128           5.49                           14.2           1
2012 03 20 17 57  0.72  5.56 127           5.57                           14.4           1
2012 03 20 18 27  0.71  5.56 123           5.42                           13.8           1
2012 03 20 18 57  0.71  5.56 123           5.39                           13.8           1
2012 03 20 19 27  0.70  5.26 139           5.33                           13.8           1
2012 03 20 19 57  0.77  5.26 130           5.25                           13.5           1
2012 03 20 20 27  0.76  5.00 134           5.03                           14.0           1
2012 03 20 20 57  0.78  5.26 125           5.08                           14.0           1
2012 03 20 21 27  0.74  5.26 127           5.07                           14.1           1
2012 03 20 21 57  0.74  5.26 131           5.03                           14.0           1
2012 03 20 22 27  0.74  5.26 132           4.91                           13.8           1
2012 03 20 22 57  0.72  5.00 128           4.95                           13.8           1
2012 03 20 23 27  0.67  5.88 123           4.73                           13.4           1
2012 03 20 23 57  0.75  7.69 118           4.89                           13.4           1
2012 03 21 00 27  0.73  6.25 120           4.78                           13.0           1
2012 03 21 00 57  0.70  6.25 124           4.79                           13.0           1
2012 03 21 01 27  0.76  7.14 120           4.99                           13.0           1
2012 03 21 01 57  0.76  6.67 120           5.27                           13.2           1
2012 03 21 02 27  0.76  6.67 121           5.33                           12.7           1
2012 03 21 02 57  0.76  6.67 124           5.37                           13.0           1
2012 03 21 03 27  0.77  6.67 124           5.43                           13.4           1
2012 03 21 03 57  0.75  6.67 128           5.43                           13.6           1
2012 03 21 04 27  0.83  7.14 118           5.63                           13.5           1
2012 03 21 04 57  0.75  6.25 124           5.33                           13.5           1
2012 03 21 05 27  0.83  5.88 131           5.45                           13.4           1
2012 03 21 05 57  0.84  6.25 130           5.54                           13.2           1
2012 03 21 06 27  0.86  5.88 132           5.45                           13.1           1
2012 03 21 06 57  0.90  6.25 123           5.56                           14.1           1
2012 03 21 07 27  0.87  5.56 138           5.40                           14.2           1
2012 03 21 07 57  0.95  5.88 131           5.47                           14.3           1
2012 03 21 08 27  1.01  5.26 138           5.38                           14.5           1
2012 03 21 08 57  0.95  5.56 139           5.34                           14.1           1
2012 03 21 09 27  0.89  5.56 137           5.18                           14.1           1
2012 03 21 09 57  0.92  5.26 141           5.24                           14.2           1
2012 03 21 10 27  0.95  5.56 132           5.19                           14.3           1
2012 03 21 10 57  0.96  5.56 131           5.29                           14.2           1
2012 03 21 11 27  0.92  5.88 135           5.17                           14.2           1
2012 03 21 11 57  0.95  5.56 137           5.14                           14.3           1
2012 03 21 12 27  0.96  5.88 132           5.08                           14.2           1
2012 03 21 12 57  0.93  5.88 131           4.97                           14.3           1
2012 03 21 13 27  0.89  5.56 135           4.96                           14.2           1
2012 03 21 13 57  0.94  5.88 134           5.03                           14.3           1
2012 03 21 14 27  0.91  5.56 138           5.05                           14.4           1
2012 03 21 14 57  0.97  5.88 134           5.08                           14.5           1
2012 03 21 15 27  0.91  5.56 135           5.00                           14.5           1
2012 03 21 15 57  0.92  5.56 138           5.04                           14.5           1
2012 03 21 16 27  0.85  5.88 130           4.93                           14.7           1
2012 03 21 16 57  0.90  5.88 137           4.99                           14.8           1
2012 03 21 17 27  0.99  5.88 135           4.97                           14.9           1
2012 03 21 17 57  1.04  7.14 128           4.73                           15.0           1
2012 03 21 18 27  1.03  5.56 128           4.67                           14.8           1
2012 03 21 18 57  1.03  5.88 132           4.74                           14.6           1
2012 03 21 19 27  1.01  6.25 139           4.78                           14.6           1
2012 03 21 19 57  0.99  5.88 132           4.80                           14.9           1
2012 03 21 20 27  0.91  5.88 131           4.68                           14.8           1
2012 03 21 20 57  0.94  6.67 130           4.85                           14.8           1
2012 03 21 21 27  0.96  5.88 130           4.99                           14.7           1
2012 03 21 21 57  0.93  6.25 138           4.91                           14.5           1
2012 03 21 22 27  0.90  5.88 131           4.91                           14.5           1
2012 03 21 22 57  0.88  7.14 131           4.95                           14.4           1
2012 03 21 23 27  0.87  5.88 137           4.84                           14.2           1
2012 03 21 23 57  0.88  5.88 137           4.91                           14.2           1
2012 03 22 00 27  0.87  7.69 135           5.05                           14.1           1
2012 03 22 00 57  0.83  5.88 139           4.99                           14.0           1
2012 03 22 01 57  0.87  6.25 135           5.08                                          1
2012 03 22 02 27  0.80  5.88 134           5.27                           14.0           1
2012 03 22 02 57  0.81  8.33 131           5.39                           14.1           1
2012 03 22 03 27  0.86  6.25 137           5.57                           14.2           1
2012 03 22 03 57  0.85  5.88 138           5.50                           14.4           1
2012 03 22 04 27  0.78  7.69 134           5.56                           14.5           1
2012 03 22 04 57  0.86  5.56 135           5.36                           14.4           1
2012 03 22 05 27  0.85  5.56 141           5.11                           14.4           1
2012 03 22 05 57  0.88  7.14 134           5.05                           14.2           1
2012 03 22 06 27  0.87  7.14 132           4.90                           14.2           1
2012 03 22 06 57  0.89  8.33 132           4.82                           14.1           1
2012 03 22 07 27  0.90  7.69 132           4.87                           14.0           1
2012 03 22 07 57  0.96  7.69 132           4.85                           14.0           1
2012 03 22 08 27  0.88  7.69 130           4.78                           14.0           1
2012 03 22 08 57  0.99  5.56 138           4.71                           14.0           1
2012 03 22 09 27  0.95  5.26 137           4.75                           14.0           1
2012 03 22 09 57  0.89  5.56 135           4.75                           14.0           1
2012 03 22 10 27  0.90  7.69 132           4.84                           14.0           1
2012 03 22 10 57  0.91  7.69 132           4.85                           14.0           1
2012 03 22 11 27  0.89  5.56 139           4.98                           14.0           1
2012 03 22 11 57  0.89  8.33 131           5.03                           14.0           1
2012 03 22 12 27  0.84  5.56 139           4.94                           14.0           1
2012 03 22 12 57  0.93  5.26 138           5.27                           14.0           1
2012 03 22 13 27  0.83  8.33 137           5.27                           14.1           1
2012 03 22 13 57  0.84  8.33 134           5.37                           14.2           1
2012 03 22 14 27  0.77  8.33 137           5.44                           14.3           1
2012 03 22 14 57  0.80  9.09 132           5.53                           14.5           1
2012 03 22 15 27  0.80  8.33 132           5.60                           14.5           1
2012 03 22 15 57  0.81  7.69 135           5.73                           14.6           1
2012 03 22 16 27  0.79  8.33 128           5.68                           14.8           1
2012 03 22 16 57  0.72  8.33 138           5.60                           14.9           1
2012 03 22 17 27  0.78  7.69 134           5.77                           14.8           1
2012 03 22 17 57  0.82  7.69 130           5.85                           14.8           1
2012 03 22 18 27  0.79  8.33 138           5.51                           14.7           1
2012 03 22 18 57  0.71  7.69 131           5.16                           14.6           1
2012 03 22 19 27  0.75  8.33 130           5.36                           14.6           1
2012 03 22 19 57  0.83  8.33 134           5.74                           14.7           1
2012 03 22 20 27  0.73  7.14 131           5.47                           14.6           1
2012 03 22 20 57  0.82  7.69 134           5.65                           14.8           1
2012 03 22 21 27  0.75  7.69 134           5.28                           14.8           1
2012 03 22 21 57  0.74  7.69 135           5.14                           15.0           1
2012 03 22 22 27  0.75  8.33 138           5.34                           15.0           1
2012 03 22 22 57  0.77  8.33 131           5.21                           14.9           1
2012 03 22 23 57  0.75  8.33 137           5.03                                          1
2012 03 23 00 27  0.81  8.33 134           5.08                           14.6           1
2012 03 23 00 57  0.79  7.14 137           5.18                           14.5           1
2012 03 23 01 27  0.77  8.33 139           5.25                           14.5           1
2012 03 23 01 57  0.76  8.33 137           5.15                           14.5           1
2012 03 23 02 27  0.69  7.69 139           5.05                           14.5           1
2012 03 23 02 57  0.70  7.69 131           5.32                           14.4           1
2012 03 23 03 27  0.71  7.14 138           5.42                           14.5           1
2012 03 23 03 57  0.72  8.33 137           5.47                           14.7           1
2012 03 23 04 27  0.65  8.33 137           5.31                           14.5           1
2012 03 23 04 57  0.70  7.69 137           5.57                           14.5           1
2012 03 23 05 27  0.65  7.69 135           5.49                           14.5           1
2012 03 23 05 57  0.68  7.69 137           5.60                           14.4           1
2012 03 23 06 27  0.64  7.69 135           5.56                           14.3           1
2012 03 23 06 57  0.66  8.33 137           5.76                           14.4           1
2012 03 23 07 27  0.62  7.69 137           5.63                           14.4           1
2012 03 23 07 57  0.66  7.14 141           5.64                           14.5           1
2012 03 23 08 27  0.65  7.14 137           5.65                           14.4           1
2012 03 23 08 57  0.69  7.14 138           5.98                           14.5           1
2012 03 23 09 27  0.68  7.69 139           5.86                           14.5           1
2012 03 23 09 57  0.65  7.14 139           5.80                           14.4           1
2012 03 23 10 27  0.64  7.14 141           5.88                           14.5           1
2012 03 23 10 57  0.66  8.33 135           5.85                           14.5           1
2012 03 23 11 27  0.65  7.69 138           5.88                           14.5           1
2012 03 23 11 57  0.66  7.14 142           5.86                           14.5           1
2012 03 23 12 27  0.67  7.14 138           5.89                           14.5           1
2012 03 23 12 57  0.69  7.14 134           6.07                           14.6           1
2012 03 23 13 27  0.68  7.69 141           6.19                           14.7           1
2012 03 23 13 57  0.67  7.69 141           6.15                           14.8           1
2012 03 23 14 27  0.67  7.69 135           6.28                           15.0           1
2012 03 23 14 57  0.62  8.33 137           6.09                           15.1           1
2012 03 23 15 27  0.63  7.69 134           6.17                           15.5           1
2012 03 23 15 57  0.65  7.69 141           6.07                           15.5           1
2012 03 23 16 27  0.64  7.69 132           6.07                           16.0           1
2012 03 23 16 57  0.68  8.33 135           6.43                           16.0           1
2012 03 23 17 27  0.67  8.33 138           6.33                           16.5           1
2012 03 23 17 57  0.64  8.33 132           6.26                           16.5           1
2012 03 23 18 27  0.63  7.69 135           6.37                           16.7           1
2012 03 23 18 57  0.66  7.69 132           6.36                           16.9           1
2012 03 23 19 27  0.70  7.14 134           6.28                           16.6           1
2012 03 23 19 57  0.70  7.69 131           6.02                           16.4           1
2012 03 23 20 27  0.70  7.69 128           5.41                           16.5           1
2012 03 23 20 57  0.74  7.69 134           5.11                           16.4           1
2012 03 23 21 27  0.76  7.69 128           4.92                           16.0           1
2012 03 23 21 57  0.77  7.69 127           4.90                           15.9           1
2012 03 23 22 27  0.72  8.33 135           4.97                           16.0           1
2012 03 23 22 57  0.72  8.33 135           5.02                           16.0           1
2012 03 23 23 27  0.75  7.69 135           5.24                           15.9           1
2012 03 23 23 57  0.69  8.33 138           5.02                           15.9           1
2012 03 24 00 27  0.72  8.33 135           5.54                           15.8           1
2012 03 24 00 57  0.73  7.69 138           5.58                           15.8           1
2012 03 24 01 27  0.73  7.14 132           5.75                           15.8           1
2012 03 24 01 57  0.69  7.69 131           5.68                           15.8           1
2012 03 24 02 57  0.71  7.14 137           6.03                                          1
2012 03 24 03 27  0.70  7.69 138           5.90                           15.0           1
2012 03 24 03 57  0.68  7.69 131           6.03                           14.6           1
2012 03 24 04 27  0.74  7.69 134           6.13                           14.4           1
2012 03 24 04 57  0.68  7.69 132           5.97                           14.3           1
2012 03 24 05 27  0.72  7.69 135           6.07                           14.2           1
2012 03 24 05 57  0.77  8.33 139           6.13                           14.3           1
2012 03 24 06 27  0.72  7.69 138           5.95                           14.2           1
2012 03 24 06 57  0.71  8.33 137           5.86                           14.2           1
2012 03 24 07 27  0.74  8.33 141           5.96                           14.1           1
2012 03 24 07 57  0.71  7.69 138           5.87                           14.1           1
2012 03 24 08 27  0.72  7.14 135           5.75                           14.2           1
2012 03 24 08 57  0.72  8.33 134           6.00                           14.1           1
2012 03 24 09 27  0.70  7.14 134           5.85                           14.0           1
2012 03 24 09 57  0.74  8.33 132           6.17                           13.9           1
2012 03 24 10 27  0.72  8.33 132           6.08                           13.9           1
2012 03 24 10 57  0.75  7.69 137           6.26                           13.9           1
2012 03 24 11 27  0.71  7.69 131           6.13                           14.1           1
2012 03 24 11 57  0.70  8.33 132           6.10                           14.2           1
2012 03 24 12 27  0.69  7.14 137           6.20                           14.4           1
2012 03 24 12 57  0.68  8.33 131           6.28                           14.5           1
2012 03 24 13 27  0.69  7.69 131           6.34                           14.7           1
2012 03 24 13 57  0.68  8.33 135           6.05                           14.9           1
2012 03 24 14 27  0.63  8.33 134           6.12                           14.9           1
2012 03 24 14 57  0.69  7.14 134           6.15                           15.0           1
2012 03 24 16 27  0.65  7.69 131           5.94                                          1
2012 03 24 16 57  0.58  7.69 137           5.66                           15.6           1
2012 03 24 17 27  0.61  7.69 130           5.86                           15.8           1
2012 03 24 17 57  0.61  8.33 130           5.99                           16.0           1
2012 03 24 18 27  0.57  7.69 128           5.94                           15.9           1
2012 03 24 18 57  0.59  7.69 135           6.15                           16.0           1
2012 03 24 19 27  0.58  8.33 130           5.89                           16.0           1
2012 03 24 19 57  0.60  8.33 128           5.85                           15.9           1
2012 03 24 20 27  0.56  7.14 127           5.35                           15.9           1
2012 03 24 20 57  0.60  8.33 131           5.36                           15.8           1
2012 03 24 21 27  0.62  8.33 125           5.41                           15.8           1
2012 03 24 21 57  0.61  8.33 123           5.29                           15.8           1
2012 03 24 22 27  0.60  8.33 127           5.54                           15.8           1
2012 03 24 22 57  0.56  7.14 134           5.73                           15.7           1
2012 03 24 23 27  0.60  7.69 130           5.82                           15.6           1
2012 03 24 23 57  0.58  8.33 125           5.78                           15.6           1
2012 03 25 00 27  0.58  8.33 132           5.76                           15.6           1
2012 03 25 00 57  0.59  7.69 128           5.78                           15.5           1
2012 03 25 01 27  0.57  7.69 131           5.84                           15.5           1
2012 03 25 01 57  0.61  7.69 135           5.89                           15.5           1
2012 03 25 02 27  0.60  7.69 132           5.86                           15.5           1
2012 03 25 02 57  0.62  8.33 131           6.12                           15.5           1
2012 03 25 03 27  0.61  8.33 128           6.00                           15.5           1
2012 03 25 03 57  0.65  8.33 131           5.90                           15.5           1
2012 03 25 04 27  0.68  8.33 138           5.45                           15.6           1
2012 03 25 04 57  0.75  8.33 128           5.46                           15.5           1
2012 03 25 05 27  0.73  6.67 144           5.40                           15.5           1
2012 03 25 05 57  0.76  6.67 144           5.61                           15.5           1
2012 03 25 06 27  0.75  7.14 144           5.59                           15.5           1
2012 03 25 06 57  0.79  6.67 142           5.55                           15.5           1
2012 03 25 07 27  0.82  6.67 138           5.55                           15.5           1
2012 03 25 07 57  0.80  6.67 142           5.64                           15.5           1
2012 03 25 08 27  0.89  6.67 141           5.85                           15.5           1
2012 03 25 08 57  0.90  6.25 142           5.76                           15.5           1
2012 03 25 09 27  0.88  6.25 142           5.62                           15.5           1
2012 03 25 09 57  0.94  6.67 144           5.60                           15.5           1
2012 03 25 10 27  0.94  6.67 137           5.41                           15.5           1
2012 03 25 10 57  1.01  6.25 139           5.27                           15.5           1
2012 03 25 11 27  1.02  5.88 142           5.21                           15.5           1
2012 03 25 11 57  0.96  5.88 139           5.14                           15.5           1
2012 03 25 12 27  1.05  6.25 138           5.28                           15.5           1
2012 03 25 12 57  1.06  6.25 139           5.32                           15.4           1
2012 03 25 13 27  1.03  6.25 147           5.26                           15.4           1
2012 03 25 13 57  1.12  6.25 141           5.47                           15.4           1
2012 03 25 14 27  1.12  6.25 145           5.45                           15.4           1
2012 03 25 14 57  1.10  6.25 145           5.50                           15.5           1
2012 03 25 15 27  1.19  7.14 106           5.77                           15.6           1
2012 03 25 15 57  1.05  7.14  94           5.71                           15.8           1
2012 03 25 16 27  1.10  7.14 100           5.79                           15.9           1
2012 03 25 16 57  1.20  7.14  90           6.02                           16.1           1
2012 03 25 17 27  1.07  7.14 111           5.97                           16.2           1
2012 03 25 17 57  1.05  7.14  80           5.87                           16.4           1
2012 03 25 18 27  1.05  6.67 104           5.82                           16.5           1
2012 03 25 18 57  1.11  6.67  97           5.64                           16.5           1
2012 03 25 19 27  1.10  6.25  90           5.51                           16.5           1
2012 03 25 19 57  1.07  6.67 114           5.49                           16.5           1
2012 03 25 20 27  1.15  7.14 117           5.71                           16.5           1
2012 03 25 20 57  1.04  6.67 111           5.40                           16.5           1