 UTC           m   sec  deg     m     sec    mB     m/s  deg Air(C) Sfc(C) m/s deg  f
2012 05 23 20 02  1.01  8.33 121           5.93                                          1
2012 05 23 20 32  0.97  8.33 114           5.81                           19.5           1
2012 05 23 21 02  1.04  9.09 120           5.96                           19.4           1
2012 05 23 21 32  0.95  9.09 130           5.74                           19.4           1
2012 05 23 22 02  0.90  8.33 107           5.66                           19.5           1
2012 05 23 22 32  0.97  8.33 128           5.75                           19.5           1
2012 05 23 23 02  0.97  8.33 120           5.14                           19.5           1
2012 05 23 23 32  1.15  8.33 118           5.50                           19.3           1
2012 05 24 00 02  1.07  8.33 120           5.44                           19.3           1
2012 05 24 00 32  0.96  8.33 111           5.68                           19.3           1
2012 05 24 01 02  0.90  8.33 118           5.47                           20.1           1
2012 05 24 01 32  0.96  8.33 123           5.90                           20.1           1
2012 05 24 02 02  0.95  8.33 118           5.97                           20.0           1
2012 05 24 02 32  0.92  8.33 124           5.82                           19.8           1
2012 05 24 03 02  0.94  8.33 127           6.14                           19.6           1
2012 05 24 03 32  0.87  8.33 123           5.90                           19.7           1
2012 05 24 04 02  0.85  8.33 130           6.01                           20.1           1
2012 05 24 04 32  0.89  8.33 120           6.27                           20.0           1
2012 05 24 05 02  0.83  8.33 118           6.17                           20.0           1
2012 05 24 05 32  0.92  8.33 118           5.19                           20.0           1
2012 05 24 06 02  0.99  8.33 118           4.72                           19.5           1
2012 05 24 06 32  0.88  8.33 123           4.93                           19.2           1
2012 05 24 07 02  0.85  8.33 116           5.51                           19.0           1
2012 05 24 07 32  0.82  8.33 121           5.97                           19.1           1
2012 05 24 08 02  0.79  8.33 117           6.40                           19.0           1
2012 05 24 08 32  0.85  7.69 121           6.69                           19.0           1
2012 05 24 09 02  0.85  9.09 104           6.59                           19.0           1
2012 05 24 09 32  0.86  8.33 120           6.14                           19.0           1
2012 05 24 10 02  0.95  8.33 111           6.15                           19.0           1
2012 05 24 10 32  0.83  7.69 117           5.58                           19.1           1
2012 05 24 11 02  0.87  8.33 104           5.86                           19.1           1
2012 05 24 11 32  0.95  9.09 111           5.79                           19.1           1
2012 05 24 12 02  1.01  8.33 117           5.75                           19.0           1
2012 05 24 12 32  0.96  8.33 110           5.67                           18.9           1
2012 05 24 13 02  0.99  9.09 109           5.76                           19.2           1
2012 05 24 13 32  0.97  9.09 109           5.53                           19.6           1
2012 05 24 14 02  0.98  7.69 123           5.23                           19.9           1
2012 05 24 14 32  0.94  8.33 125           5.05                           20.0           1
2012 05 24 15 02  0.92  9.09 114           5.04                           20.0           1
2012 05 24 15 32  0.93  9.09 111           5.07                           20.0           1
2012 05 24 16 02  0.92  9.09 109           5.20                           20.2           1
2012 05 24 16 32  0.87  8.33 111           5.22                           20.3           1
2012 05 24 17 02  0.85  8.33 118           5.13                           20.2           1
2012 05 24 17 32  0.88  8.33 111           5.12                           20.5           1
2012 05 24 18 02  0.92  9.09 110           5.41                           20.5           1
2012 05 24 18 32  0.88  8.33 121           5.18                           20.5           1
2012 05 24 19 02  0.88  8.33 118           5.31                           20.5           1
2012 05 24 19 32  0.86  8.33 120           5.50                           20.7           1
2012 05 24 20 02  0.79  9.09 116           5.34                           20.8           1
2012 05 24 20 32  0.87  8.33 118           5.67                           20.7           1
2012 05 24 21 02  0.90  8.33 118           5.60                           20.8           1
2012 05 24 21 32  0.95  8.33 120           5.70                           20.7           1
2012 05 24 22 02  0.92  8.33 118           5.67                           20.8           1
2012 05 24 22 32  0.88  7.69 128           5.59                           20.6           1
2012 05 24 23 02  0.84  8.33 120           5.37                           20.5           1
2012 05 24 23 32  0.92  8.33 116           5.26                           20.3           1
2012 05 25 00 02  1.02  8.33 120           5.12                           20.0           1
2012 05 25 00 32  1.00  8.33 111           4.88                           19.9           1
2012 05 25 01 02  0.97  8.33 121           4.93                           19.7           1
2012 05 25 01 32  1.00  8.33 123           4.85                           19.6           1
2012 05 25 02 02  1.00  7.69 128           5.12                           19.5           1
2012 05 25 02 32  0.99  8.33 118           5.05                           19.5           1
2012 05 25 03 02  0.95  8.33 116           5.13                           19.4           1
2012 05 25 03 32  1.03  8.33 110           5.32                           19.4           1
2012 05 25 04 02  1.01  8.33 114           5.34                           19.5           1
2012 05 25 04 32  0.98  7.14 128           5.40                           19.6           1
2012 05 25 05 02  1.03  8.33 118           5.62                           19.6           1
2012 05 25 05 32  1.04  8.33 120           5.78                           20.0           1
2012 05 25 06 02  1.00  8.33 116           5.59                           20.1           1
2012 05 25 06 32  0.96  8.33 117           5.60                           20.1           1
2012 05 25 07 02  1.05  5.26 137           5.56                           20.0           1
2012 05 25 07 32  1.01  7.14 130           5.63                           20.0           1
2012 05 25 08 02  1.06  6.25 135           5.64                           20.1           1
2012 05 25 08 32  1.05  5.88 141           5.56                           20.0           1
2012 05 25 09 02  1.09  6.67 138           5.70                           20.0           1
2012 05 25 09 32  1.16  6.67 135           5.56                           20.0           1
2012 05 25 10 02  1.16  6.25 142           5.43                           20.0           1
2012 05 25 10 32  1.19  5.88 141           5.54                           20.0           1
2012 05 25 11 02  1.26  5.88 142           5.50                           20.1           1
2012 05 25 11 32  1.20  5.26 134           5.44                           20.1           1
2012 05 25 12 02  1.25  6.25 142           5.46                           20.1           1
2012 05 25 12 32  1.24  5.88 147           5.54                           20.2           1
2012 05 25 13 02  1.18  6.25 138           5.39                           20.1           1
2012 05 25 13 32  1.15  6.25 141           5.15                           20.2           1
2012 05 25 14 02  1.16  7.69 124           5.03                           20.2           1
2012 05 25 14 32  1.21  6.25 139           5.01                           20.3           1
2012 05 25 15 02  1.18  6.25 135           5.03                           20.3           1
2012 05 25 15 32  1.11  7.14 131           4.81                           20.4           1
2012 05 25 16 02  1.08  6.25 141           4.77                           20.2           1
2012 05 25 16 32  1.08  6.67 142           4.82                           20.1           1
2012 05 25 17 02  1.12  6.25 142           4.99                           20.1           1
2012 05 25 17 32  1.05  6.67 135           4.88                           20.0           1
2012 05 25 18 02  1.08  8.33 124           5.13                           20.0           1
2012 05 25 18 32  1.04  8.33 120           5.22                           20.0           1
2012 05 25 19 02  1.01  7.69 120           5.50                           20.0           1
2012 05 25 19 32  1.08  8.33 114           5.58                           20.2           1
2012 05 25 20 02  1.14  8.33 116           5.94                           20.3           1
2012 05 25 20 32  1.20  9.88 138           6.26                           20.4           1
2012 05 25 21 02  1.19  9.09 139           6.19                           20.4           1
2012 05 25 21 32  1.39  8.33 138           6.60                           20.4           1
2012 05 25 22 02  1.35  9.09 142           6.50                           20.4           1
2012 05 25 22 32  1.41  8.33 141           6.49                           20.3           1
2012 05 25 23 02  1.67  8.33 144           6.88                           20.2           1
2012 05 25 23 32  1.56  8.33 139           6.40                           20.2           1
2012 05 26 00 02  1.58  8.33 139           6.37                           20.2           1
2012 05 26 00 32  1.76  9.09 138           6.68                           20.1           1
2012 05 26 01 02  1.77  9.09 132           6.62                           20.0           1
2012 05 26 01 32  1.81  8.33 139           6.50                           20.0           1
2012 05 26 02 02  1.88  8.33 138           6.61                           20.0           1
2012 05 26 02 32  2.00  8.33 131           6.81                           20.0           1
2012 05 26 03 02  1.93  9.09 130           6.76                           20.1           1
2012 05 26 03 32  1.98  9.09 132           6.80                           20.1           1
2012 05 26 04 02  1.98  9.88 131           6.64                           20.1           1
2012 05 26 04 32  1.93  9.09 128           6.61                           20.2           1
2012 05 26 05 02  1.75  9.09 128           6.46                           20.2           1
2012 05 26 05 32  1.94  9.09 130           6.54                           20.2           1
2012 05 26 06 02  2.11  8.33 134           6.76                           20.3           1
2012 05 26 06 32  1.95  8.33 131           6.50                           20.3           1
2012 05 26 07 02  1.94  9.09 125           6.50                           20.2           1
2012 05 26 07 32  1.83  9.09 134           6.38                           20.2           1
2012 05 26 08 02  1.99  8.33 132           6.64                           20.1           1
2012 05 26 08 32  1.97  8.33 130           6.63                           20.1           1
2012 05 26 09 02  2.15  9.88 135           6.82                           20.1           1
2012 05 26 09 32  2.14  8.33 134           6.81                           20.1           1
2012 05 26 10 02  2.11  9.88 130           6.98                           20.0           1
2012 05 26 10 32  2.09  8.33 135           6.70                           20.0           1
2012 05 26 11 02  2.03  9.09 137           6.63                           20.0           1
2012 05 26 11 32  1.86  9.09 139           6.53                           20.0           1
2012 05 26 12 02  1.96  9.09 131           6.69                           20.0           1
2012 05 26 12 32  1.99  9.09 137           6.68                           20.0           1
2012 05 26 13 02  2.08  9.09 135           6.80                           20.0           1
2012 05 26 13 32  1.80  9.09 137           6.35                           20.0           1
2012 05 26 14 02  1.95  9.09 138           6.69                           20.1           1
2012 05 26 14 32  1.91  9.09 137           6.62                           20.1           1
2012 05 26 15 02  1.73  9.09 139           6.27                           20.2           1
2012 05 26 15 32  1.73  9.88 142           6.49                           20.3           1
2012 05 26 16 02  1.78  7.14 131           6.39                           20.4           1
2012 05 26 16 32  1.94  8.33 134           6.78                           20.5           1
2012 05 26 17 02  1.84  9.09 138           6.67                           20.6           1
2012 05 26 17 32  1.85  9.09 138           6.69                           20.7           1
2012 05 26 18 02  2.07  9.09 142           6.95                           20.9           1
2012 05 26 18 32  1.97  9.09 137           6.91                           20.9           1
2012 05 26 19 02  1.97  9.09 137           7.05                           21.0           1
2012 05 26 19 32  1.91  8.33 131           6.73                           21.1           1
2012 05 26 20 02  1.93  9.09 137           6.76                           21.2           1
2012 05 26 20 32  1.94  9.09 139           6.88                           21.4           1
2012 05 26 21 02  1.94  7.69 130           6.77                           21.5           1
2012 05 26 21 32  2.05  9.09 135           6.82                           21.5           1
2012 05 26 22 02  1.96  9.09 137           6.58                           21.5           1
2012 05 26 22 32  1.99  9.09 135           6.70                           21.5           1
2012 05 26 23 02  2.08  9.09 137           6.73                           21.5           1
2012 05 26 23 32  2.02  9.09 137           6.73                           21.4           1
2012 05 27 00 02  1.85  9.09 135           6.45                           21.4           1
2012 05 27 00 32  2.04  8.33 137           6.59                           21.4           1
2012 05 27 01 02  1.91  8.33 141           6.33                           21.3           1
2012 05 27 01 32  1.86  9.09 135           6.41                           21.3           1
2012 05 27 02 02  1.82  9.09 130           6.27                           21.3           1
2012 05 27 02 32  1.82  7.69 134           6.23                           21.2           1
2012 05 27 03 02  1.85  9.09 135           6.20                           21.2           1
2012 05 27 03 32  1.86  9.09 132           6.24                           21.2           1
2012 05 27 04 02  1.89  9.09 137           6.36                           21.2           1
2012 05 27 04 32  1.67  9.09 125           6.12                           21.1           1
2012 05 27 05 02  1.78  9.09 132           6.49                           21.1           1
2012 05 27 05 32  1.83  9.09 132           6.41                           21.1           1
2012 05 27 06 02  1.69  9.09 130           6.20                           21.1           1
2012 05 27 06 32  1.79  9.09 131           6.46                           21.1           1
2012 05 27 07 02  1.80  9.88 124           6.62                           21.1           1
2012 05 27 07 32  1.68  9.09 132           6.49                           21.1           1
2012 05 27 08 02  1.69  9.09 131           6.47                           21.1           1
2012 05 27 08 32  1.59  9.09 134           6.34                           21.1           1
2012 05 27 09 02  1.70  9.09 132           6.55                           21.1           1
2012 05 27 09 32  1.68  9.09 131           6.68                           21.1           1
2012 05 27 10 02  1.63  9.09 127           6.66                           21.0           1
2012 05 27 10 32  1.73  9.09 132           6.68                           21.0           1
2012 05 27 11 02  1.71  9.09 134           6.44                           21.0           1
2012 05 27 11 32  1.82  9.09 132           6.78                           21.0           1
2012 05 27 12 02  1.60  9.09 131           6.25                           21.0           1
2012 05 27 12 32  1.58  9.09 128           6.19                           21.0           1
2012 05 27 13 02  1.81  9.09 128           6.46                           21.0           1
2012 05 27 13 32  1.56  8.33 131           6.04                           20.9           1
2012 05 27 14 02  1.41  8.33 134           5.93                           20.9           1
2012 05 27 14 32  1.61  9.09 128           6.39                           21.0           1
2012 05 27 15 02  1.48  8.33 131           6.19                           21.0           1
2012 05 27 15 32  1.58  9.09 125           6.33                           21.0           1
2012 05 27 16 02  1.59  9.09 125           6.38                           21.1           1
2012 05 27 16 32  1.62  8.33 131           6.52                           21.2           1
2012 05 27 17 02  1.46  8.33 125           6.15                           21.4           1
2012 05 27 17 32  1.52  8.33 131           6.45                           21.5           1
2012 05 27 18 02  1.43  8.33 130           6.20                           21.5           1
2012 05 27 18 32  1.45  8.33 130           6.30                           21.5           1
2012 05 27 19 02  1.36  8.33 132           6.22                           21.8           1
2012 05 27 19 32  1.46  8.33 125           6.24                           21.8           1
2012 05 27 20 02  1.32  8.33 128           6.00                           21.6           1
2012 05 27 20 32  1.44  8.33 132           6.20                           21.6           1
2012 05 27 21 02  1.31  8.33 127           6.00                           21.6           1
2012 05 27 21 32  1.36  8.33 131           6.09                           21.6           1
2012 05 27 22 02  1.44  8.33 125           6.19                           21.5           1
2012 05 27 22 32  1.35  8.33 124           5.92                           21.5           1
2012 05 27 23 02  1.37  8.33 130           5.87                           21.5           1
2012 05 27 23 32  1.38  7.69 134           5.89                           21.4           1
2012 05 28 00 02  1.44  8.33 127           5.83                           21.3           1
2012 05 28 00 32  1.37  8.33 128           5.74                           21.3           1
2012 05 28 01 02  1.39  7.69 127           5.67                           21.3           1
2012 05 28 01 32  1.41  7.69 127           5.62                           21.2           1
2012 05 28 02 02  1.38  7.69 132           5.50                           21.2           1
2012 05 28 02 32  1.40  7.69 135           5.51                           21.2           1
2012 05 28 03 02  1.36  8.33 130           5.36                           21.2           1
2012 05 28 03 32  1.24  7.69 138           5.31                           21.1           1
2012 05 28 04 02  1.28  7.69 134           5.67                           21.1           1
2012 05 28 04 32  1.22  7.69 134           5.61                           21.1           1
2012 05 28 05 02  1.24  7.69 134           5.62                           21.1           1
2012 05 28 05 32  1.29  7.69 131           5.92                           21.1           1
2012 05 28 06 02  1.22  8.33 134           5.81                           21.1           1
2012 05 28 06 32  1.17  7.69 128           5.99                           21.7           1
2012 05 28 07 02  1.04  7.69 135           5.56                           21.8           1
2012 05 28 07 32  1.09  7.69 135           5.60                           21.8           1
2012 05 28 08 02  1.05  7.69 132           5.73                           21.7           1
2012 05 28 08 32  1.06  7.69 132           5.69                           21.7           1
2012 05 28 09 02  1.11  7.69 134           5.93                           21.7           1
2012 05 28 09 32  1.04  7.14 131           5.62                           21.6           1
2012 05 28 10 02  1.01  7.69 130           5.49                           21.6           1
2012 05 28 10 32  1.00  7.69 134           5.18                           21.6           1
2012 05 28 11 02  1.06  7.69 131           5.05                           21.6           1
2012 05 28 11 32  1.05  7.14 137           4.93                           21.6           1
2012 05 28 12 02  1.08  7.69 131           5.10                           21.6           1
2012 05 28 12 32  0.99  7.69 132           4.94                           21.6           1
2012 05 28 13 02  0.98  7.69 125           5.13                           21.7           1
2012 05 28 13 32  1.02  7.69 131           5.42                           22.0           1
2012 05 28 14 02  0.96  7.14 132           5.32                           22.1           1
2012 05 28 14 32  0.96  7.14 142           5.50                           22.5           1
2012 05 28 15 02  0.86  8.33 114           5.25                           22.5           1
2012 05 28 15 32  0.95  8.33 120           5.52                           22.6           1
2012 05 28 16 02  0.89  7.69 125           5.48                           22.9           1
2012 05 28 16 32  0.93  7.14 134           5.71                           22.8           1
2012 05 28 17 02  0.88  7.14 137           5.56                           22.8           1
2012 05 28 17 32  0.89  7.69 121           5.55                           22.7           1
2012 05 28 18 02  0.87  7.14 137           5.19                           22.8           1
2012 05 28 18 32  0.91  7.14 137           5.24                           22.7           1
2012 05 28 19 02  0.89  7.69 124           4.78                           22.5           1
2012 05 28 19 32  0.85  7.14 130           4.92                           22.5           1
2012 05 28 20 02  0.85  7.14 138           4.94                           22.6           1
2012 05 28 20 32  0.85  7.14 134           4.90                           22.5           1
2012 05 28 21 02  0.96  7.14 137           4.96                           22.5           1
2012 05 28 21 32  0.87  7.14 130           4.91                           22.4           1
2012 05 28 22 02  0.90  7.69 127           4.67                           22.4           1
2012 05 28 22 32  0.92  7.14 131           4.47                           22.4           1
2012 05 28 23 02  0.97  7.69 125           4.69                           22.4           1
2012 05 28 23 32  0.94  7.14 138           4.50                           22.3           1
2012 05 29 00 02  0.95  6.67 132           4.41                           22.2           1
2012 05 29 00 32  0.92  6.25 138           4.39                           22.1           1
2012 05 29 01 02  0.87  7.69 130           4.47                           22.1           1
2012 05 29 01 32  0.90  6.67 132           4.52                           22.1           1
2012 05 29 02 02  0.87  7.14 134           4.49                           22.0           1
2012 05 29 02 32  0.83  7.14 135           4.54                           22.0           1
2012 05 29 03 02  0.86  6.67 135           4.63                           22.0           1
2012 05 29 03 32  0.84  6.67 138           4.41                           22.0           1
2012 05 29 04 02  0.78  6.67 139           4.49                           22.0           1
2012 05 29 04 32  0.81  6.67 134           4.66                           22.0           1
2012 05 29 05 02  0.75  6.67 138           4.40                           22.0           1
2012 05 29 05 32  0.73  6.67 137           4.42                           22.0           1
2012 05 29 06 02  0.76  6.67 132           4.50                           21.9           1
2012 05 29 06 32  0.75  7.14 135           4.46                           21.6           1
2012 05 29 07 02  0.75  7.69 130           4.37                           21.5           1
2012 05 29 07 32  0.74  7.69 132           4.82                           21.5           1
2012 05 29 08 02  0.72  6.67 134           4.59                           21.5           1
2012 05 29 08 32  0.68  6.67 135           4.77                           21.5           1
2012 05 29 09 02  0.68  6.67 134           4.78                           21.5           1
2012 05 29 09 32  0.70  8.33 118           4.84                           21.4           1
2012 05 29 10 02  0.66  7.14 130           4.91                           21.2           1
2012 05 29 10 32  0.67  5.56 135           5.01                           21.1           1
2012 05 29 11 02  0.64  8.33 123           4.71                           21.1           1
2012 05 29 11 32  0.64  7.14 137           4.79                           21.0           1
2012 05 29 12 02  0.62  7.69 131           4.81                           21.0           1
2012 05 29 12 32  0.64  8.33 123           5.03                           20.9           1
2012 05 29 13 02  0.62  7.14 125           4.66                           20.9           1
2012 05 29 13 32  0.64  8.33 121           4.76                           20.9           1
2012 05 29 14 02  0.65  9.09 120           5.04                           21.0           1
2012 05 29 14 32  0.64  6.67 131           4.93                           21.3           1
2012 05 29 15 02  0.63  6.67 138           4.83                           21.4           1
2012 05 29 15 32  0.64  8.33 124           4.84                           21.6           1
2012 05 29 16 02  0.65  7.69 134           4.95                           21.5           1
2012 05 29 16 32  0.61  7.69 134           4.36                           21.5           1
2012 05 29 17 02  0.68  7.69 130           4.32                           21.6           1
2012 05 29 17 32  0.66  7.14 137           4.33                           21.6           1
2012 05 29 18 02  0.66  6.67 131           4.15                           21.7           1
2012 05 29 18 32  0.65  7.69 128           4.30                           21.6           1
2012 05 29 19 02  0.65  7.14 141           4.26                           21.8           1
2012 05 29 19 32  0.69  7.14 131           4.16                           21.9           1
2012 05 29 20 02  0.65  7.69 138           4.14                           21.8           1
2012 05 29 20 32  0.66  7.14 138           4.27                           21.9           1
2012 05 29 21 02  0.65  7.69 128           4.24                           22.0           1
2012 05 29 21 32  0.67  6.67 149           4.03                           22.0           1
2012 05 29 22 02  0.82  3.57 156           3.81                           21.9           1
2012 05 29 22 32  0.87  3.85 161           3.75                           21.8           1
2012 05 29 23 02  0.87  3.57 166           3.83                           21.8           1
2012 05 29 23 32  0.85  3.70 158           3.71                           21.8           1
2012 05 30 00 02  0.84  4.35 147           3.73                           21.9           1
2012 05 30 00 32  0.89  3.57 165           3.80                           21.9           1
2012 05 30 01 02  0.83  5.26 144           3.76                           21.9           1
2012 05 30 01 32  0.84  6.67 142           3.92                           22.0           1
2012 05 30 02 02  0.83  5.26 144           3.83                           22.0           1
2012 05 30 02 32  0.83  6.67 145           3.90                           22.1           1
2012 05 30 03 02  0.83  7.14 134           3.91                           22.0           1
2012 05 30 03 32  0.79  5.00 151           4.05                           21.8           1
2012 05 30 04 02  0.79  5.88 147           4.20                           21.8           1
2012 05 30 04 32  0.76  5.56 152           4.25                           21.8           1
2012 05 30 05 02  0.85  5.88 149           4.42                           21.6           1
2012 05 30 05 32  0.86  5.56 148           4.54                           21.6           1
2012 05 30 06 02  0.80  5.88 151           4.62                           21.6           1
2012 05 30 06 32  0.78  5.88 151           4.70                           21.6           1
2012 05 30 07 02  0.79  5.56 151           4.76                           21.6           1
2012 05 30 07 32  0.82  5.56 151           4.80                           21.6           1
2012 05 30 08 02  0.77  5.56 147           4.66                           21.5           1
2012 05 30 08 32  0.74  5.26 151           4.79                           21.5           1
2012 05 30 09 02  0.79  6.25 147           4.90                           21.5           1
2012 05 30 09 32  0.75  5.88 149           4.90                           21.5           1
2012 05 30 10 02  0.74  5.88 148           4.91                           21.4           1
2012 05 30 10 32  0.75  5.88 149           4.87                           21.4           1
2012 05 30 11 02  0.71  5.88 152           4.92                           21.4           1
2012 05 30 11 32  0.76  5.88 148           4.86                           21.4           1
2012 05 30 12 02  0.71  5.26 149           4.88                           21.4           1
2012 05 30 12 32  0.76  5.56 154           5.03                           21.5           1
2012 05 30 13 02  0.77  5.88 147           5.18                           21.5           1
2012 05 30 13 32  0.78  6.25 148           5.05                           21.7           1
2012 05 30 14 02  0.77  5.88 149           5.00                           21.6           1
2012 05 30 14 32  0.82  5.88 149           4.95                           21.8           1
2012 05 30 15 02  0.78  5.88 144           5.00                           22.0           1
2012 05 30 15 32  0.82  5.88 148           5.05                           22.0           1
2012 05 30 16 02  0.81  5.88 148           5.09                           22.0           1
2012 05 30 16 32  0.77  5.88 147           5.01                           22.1           1
2012 05 30 17 02  0.85  6.25 142           5.18                           22.1           1
2012 05 30 17 32  1.03  6.25 144           4.88                           22.0           1
2012 05 30 18 02  1.06  5.56 152           4.53                           22.0           1
2012 05 30 18 32  1.10  5.88 147           4.47                           22.0           1
2012 05 30 19 02  1.18  6.67 142           4.32                           22.0           1
2012 05 30 19 32  1.24  6.25 149           4.22                           22.0           1
2012 05 30 20 02  1.42  7.14 139           4.22                           22.0           1
2012 05 30 20 32  1.54  4.35  31           4.21                           22.0           1
2012 05 30 21 02  1.48  4.55  23           4.25                           21.9           1
2012 05 30 21 32  1.66  4.55  23           4.51                           21.8           1
2012 05 30 22 02  2.02  7.69 147           5.09                           21.6           1
2012 05 30 22 32  2.00  8.33 145           5.01                           21.5           1
2012 05 30 23 02  1.95  4.76  44           4.73                           21.3           1
2012 05 30 23 32  2.16  8.33 149           5.05                           21.1           1
2012 05 31 00 02  2.18  5.00  37           5.22                           20.8           1
2012 05 31 00 32  2.05  9.09 141           5.08                           20.5           1
2012 05 31 01 02  2.03  4.76  40           5.03                           20.1           1
2012 05 31 01 32  1.97  5.26  41           5.13                           19.7           1
2012 05 31 02 02  1.98  5.56  44           5.14                           19.5           1
2012 05 31 02 32  1.88  5.56  58           5.27                           19.4           1
2012 05 31 03 02  1.99  5.56  45           5.26                           19.4           1
2012 05 31 03 32  1.84  5.56  57           5.30                           19.4           1
2012 05 31 04 02  1.77  5.56  57           5.38                           19.5           1
2012 05 31 04 32  1.91  5.56  42           5.49                           19.6           1
2012 05 31 05 02  1.72  5.88  65           5.31                           19.8           1
2012 05 31 05 32  1.73  9.09 132           5.24                           19.8           1
2012 05 31 06 02  1.65  6.67  76           5.32                           19.8           1
2012 05 31 06 32  1.60  6.25  66           5.34                           19.9           1
2012 05 31 07 02  1.53  6.67  79           5.43                           19.9           1
2012 05 31 07 32  1.45  6.67  79           5.32                           19.9           1
2012 05 31 08 02  1.41  9.88 144           5.51                           19.9           1
2012 05 31 08 32  1.34  6.67  66           5.54                           19.9           1
2012 05 31 09 02  1.21  6.25  59           5.49                           19.9           1
2012 05 31 09 32  1.22  9.88 127           5.79                           19.9           1
2012 05 31 10 02  1.19  9.88 127           5.78                           19.9           1
2012 05 31 10 32  1.08  6.67  64           5.72                           19.9           1
2012 05 31 11 02  1.05  9.88 131           5.77                           19.9           1
2012 05 31 11 32  1.01  6.25  61           5.73                           19.8           1
2012 05 31 12 02  0.92  9.09 138           5.62                           19.8           1
2012 05 31 12 32  0.91  9.09 142           5.75                           19.8           1
2012 05 31 13 02  0.91  6.25  55           5.72                           20.0           1
2012 05 31 13 32  0.92  9.09 135           5.75                           20.3           1
2012 05 31 14 02  0.88  6.25  61           5.75                           20.5           1
2012 05 31 14 32  0.87  6.25  62           5.60                           20.5           1
2012 05 31 15 02  0.89  9.09 124           5.68                           20.8           1
2012 05 31 15 32  0.83  8.33 124           5.56                           20.5           1
2012 05 31 16 02  0.85  8.33 128           5.56                           20.9           1
2012 05 31 16 32  0.88  9.09 106           5.82                           21.0           1
2012 05 31 17 02  0.99  8.33 121           6.04                           21.8           1
2012 05 31 17 32  0.92  8.33 110           6.08                           22.5           1
2012 05 31 18 02  0.96  8.33  92           6.18                           23.5           1
2012 05 31 18 32  0.89  8.33  82           6.20                           24.0           1
2012 05 31 19 02  0.90  8.33  93           6.20                           24.1           1
2012 05 31 19 32  0.96  8.33  97           6.40                           24.0           1
2012 05 31 20 02  0.87  7.69  82           6.39                           24.9           1
2012 05 31 20 32  0.88  7.69 109           6.58                           23.5           1
2012 05 31 21 02  0.95  7.69  85           6.74                           22.8           1
2012 05 31 21 32  0.84  7.69  90           6.37                           22.7           1
2012 05 31 22 02  0.87  7.69  87           6.59                           22.4           1
2012 05 31 22 32  0.94  8.33  87           6.66                           22.5           1
2012 05 31 23 02  0.92  8.33  75           6.59                           22.5           1
2012 05 31 23 32  0.91  8.33  76           6.61                           21.9           1